Vertex Count: 1140

Data:

-2.36592 0.416596 -0.233361 0.006705 0.249142 -0 -0.9998 -0.02 
-2.55713 0.416596 -0.233361 0.243295 0.249142 -0 -0.9998 -0.02 
-2.55713 0.420633 -0.320683 0.243295 0.235294 -0 -0.9946 0.1037 
-2.55713 0.420633 -0.320683 0.243295 0.235294 -0 -0.9946 0.1037 
-2.36592 0.420633 -0.320683 0.006705 0.235294 -0 -0.9946 0.1038 
-2.36592 0.416596 -0.233361 0.006705 0.249142 -0 -0.9998 -0.02 
-2.56255 0.411171 -0.233367 0.253203 0.24922 1 0 0 
-2.56255 -0.001378 -0.233368 0.496797 0.249395 1 0 0 
-2.56255 0.004442 -0.35925 0.496797 0.235294 1 0 0 
-2.56255 0.004442 -0.35925 0.496797 0.235294 1 0 0 
-2.56255 0.415231 -0.321184 0.253203 0.235294 1 0 0 
-2.56255 0.411171 -0.233367 0.253203 0.24922 1 0 0 
-2.55713 -0.006803 -0.233362 0.506705 0.249396 -0 0.9998 0.02 
-2.36592 -0.006803 -0.233362 0.743295 0.249396 -0 0.9998 0.02 
-2.36592 -0.00096 -0.35975 0.743295 0.235294 -0 0.9959 -0.0899 
-2.36592 -0.00096 -0.35975 0.743295 0.235294 -0 0.9959 -0.0899 
-2.55713 -0.00096 -0.35975 0.506705 0.235294 -0 0.9959 -0.0899 
-2.55713 -0.006803 -0.233362 0.506705 0.249396 -0 0.9998 0.02 
-2.3605 -0.001378 -0.233368 0.753203 0.24934 -1 0 0 
-2.3605 0.411171 -0.233367 0.996797 0.249141 -1 0 0 
-2.3605 0.415231 -0.321184 0.996797 0.235294 -1 0 0 
-2.3605 0.415231 -0.321184 0.996797 0.235294 -1 0 0 
-2.3605 0.004442 -0.35925 0.753203 0.235294 -1 0 0 
-2.3605 -0.001378 -0.233368 0.753203 0.24934 -1 0 0 
-2.36592 0.420633 -0.320683 0.006705 0.235294 -0 -0.9946 0.1038 
-2.55713 0.420633 -0.320683 0.243295 0.235294 -0 -0.9946 0.1037 
-2.55713 0.433459 -0.412628 0.243295 0.220588 -0 -0.9863 0.165 
-2.55713 0.433459 -0.412628 0.243295 0.220588 -0 -0.9863 0.165 
-2.36592 0.433459 -0.412628 0.006705 0.220588 -0 -0.9863 0.165 
-2.36592 0.420633 -0.320683 0.006705 0.235294 -0 -0.9946 0.1038 
-2.56255 0.415231 -0.321184 0.253203 0.235294 1 0 0 
-2.56255 0.004442 -0.35925 0.496797 0.235294 1 0 0 
-2.56255 0.022602 -0.489431 0.496797 0.220588 1 0 0 
-2.56255 0.022602 -0.489431 0.496797 0.220588 1 0 0 
-2.56255 0.428127 -0.413624 0.253203 0.220588 1 0 0 
-2.56255 0.415231 -0.321184 0.253203 0.235294 1 0 0 
-2.55713 -0.00096 -0.35975 0.506705 0.235294 -0 0.9959 -0.0899 
-2.36592 -0.00096 -0.35975 0.743295 0.235294 -0 0.9959 -0.0899 
-2.36592 0.017269 -0.490428 0.743295 0.220588 -0 0.9901 -0.1405 
-2.36592 0.017269 -0.490428 0.743295 0.220588 -0 0.9901 -0.1405 
-2.55713 0.017269 -0.490428 0.506705 0.220588 -0 0.9901 -0.1405 
-2.55713 -0.00096 -0.35975 0.506705 0.235294 -0 0.9959 -0.0899 
-2.3605 0.004442 -0.35925 0.753203 0.235294 -1 0 0 
-2.3605 0.415231 -0.321184 0.996797 0.235294 -1 0 0 
-2.3605 0.428127 -0.413624 0.996797 0.220588 -1 0 0 
-2.3605 0.428127 -0.413624 0.996797 0.220588 -1 0 0 
-2.3605 0.022602 -0.489431 0.753203 0.220588 -1 0 0 
-2.3605 0.004442 -0.35925 0.753203 0.235294 -1 0 0 
-2.36592 0.433459 -0.412628 0.006705 0.220588 -0 -0.9863 0.165 
-2.55713 0.433459 -0.412628 0.243295 0.220588 -0 -0.9863 0.165 
-2.55713 0.454714 -0.502996 0.243295 0.205882 0 -0.9854 0.1701 
-2.55713 0.454714 -0.502996 0.243295 0.205882 0 -0.9854 0.1701 
-2.36592 0.454714 -0.502996 0.006705 0.205882 0 -0.9854 0.1701 
-2.36592 0.433459 -0.412628 0.006705 0.220588 -0 -0.9863 0.165 
-2.56255 0.428127 -0.413624 0.253203 0.220588 1 0 0 
-2.56255 0.022602 -0.489431 0.496797 0.220588 1 0 0 
-2.56255 0.052696 -0.617381 0.496797 0.205882 1 0 0 
-2.56255 0.052696 -0.617381 0.496797 0.205882 1 0 0 
-2.56255 0.449496 -0.504481 0.253203 0.205882 1 0 0 
-2.56255 0.428127 -0.413624 0.253203 0.220588 1 0 0 
-2.55713 0.017269 -0.490428 0.506705 0.220588 -0 0.9901 -0.1405 
-2.36592 0.017269 -0.490428 0.743295 0.220588 -0 0.9901 -0.1405 
-2.36592 0.047478 -0.618865 0.743295 0.205882 0 0.9903 -0.1387 
-2.36592 0.047478 -0.618865 0.743295 0.205882 0 0.9903 -0.1387 
-2.55713 0.047478 -0.618866 0.506705 0.205882 0 0.9903 -0.1387 
-2.55713 0.017269 -0.490428 0.506705 0.220588 -0 0.9901 -0.1405 
-2.3605 0.022602 -0.489431 0.753203 0.220588 -1 0 0 
-2.3605 0.428127 -0.413624 0.996797 0.220588 -1 0 0 
-2.3605 0.449496 -0.504481 0.996797 0.205882 -1 0 0 
-2.3605 0.449496 -0.504481 0.996797 0.205882 -1 0 0 
-2.3605 0.052696 -0.617381 0.753203 0.205882 -1 0 0 
-2.3605 0.022602 -0.489431 0.753203 0.220588 -1 0 0 
-2.36592 0.454714 -0.502996 0.006705 0.205882 0 -0.9854 0.1701 
-2.55713 0.454714 -0.502996 0.243295 0.205882 0 -0.9854 0.1701 
-2.55713 0.484216 -0.591018 0.243295 0.191176 0 -0.9981 0.0613 
-2.55713 0.484216 -0.591018 0.243295 0.191176 0 -0.9981 0.0613 
-2.36592 0.484216 -0.591018 0.006705 0.191176 0 -0.9981 0.0613 
-2.36592 0.454714 -0.502996 0.006705 0.205882 0 -0.9854 0.1701 
-2.56255 0.449496 -0.504481 0.253203 0.205882 1 0 0 
-2.56255 0.052696 -0.617381 0.496797 0.205882 1 0 0 
-2.56255 0.094467 -0.742009 0.496797 0.191176 1 0 0 
-2.56255 0.094467 -0.742009 0.496797 0.191176 1 0 0 
-2.56255 0.479157 -0.592978 0.253203 0.191176 1 0 0 
-2.56255 0.449496 -0.504481 0.253203 0.205882 1 0 0 
-2.55713 0.047478 -0.618866 0.506705 0.205882 0 0.9903 -0.1387 
-2.36592 0.047478 -0.618865 0.743295 0.205882 0 0.9903 -0.1387 
-2.36592 0.089408 -0.743968 0.743295 0.191176 0 0.9995 -0.0308 
-2.36592 0.089408 -0.743968 0.743295 0.191176 0 0.9995 -0.0308 
-2.55713 0.089408 -0.743968 0.506705 0.191176 0.0002 0.9995 -0.0308 
-2.55713 0.047478 -0.618866 0.506705 0.205882 0 0.9903 -0.1387 
-2.3605 0.052696 -0.617381 0.753203 0.205882 -1 0 0 
-2.3605 0.449496 -0.504481 0.996797 0.205882 -1 0 0 
-2.3605 0.479157 -0.592978 0.996797 0.191176 -1 0 0 
-2.3605 0.479157 -0.592978 0.996797 0.191176 -1 0 0 
-2.3605 0.094467 -0.742008 0.753203 0.191176 -1 0 0 
-2.3605 0.052696 -0.617381 0.753203 0.205882 -1 0 0 
-2.36592 0.484216 -0.591018 0.006705 0.191176 0 -0.9981 0.0613 
-2.55713 0.484216 -0.591018 0.243295 0.191176 0 -0.9981 0.0613 
-2.55713 0.521714 -0.675943 0.243295 0.176471 0 -0.992 -0.1265 
-2.55713 0.521714 -0.675943 0.243295 0.176471 0 -0.992 -0.1265 
-2.36592 0.521714 -0.675942 0.006705 0.176471 0 -0.992 -0.1265 
-2.36592 0.484216 -0.591018 0.006705 0.191176 0 -0.9981 0.0613 
-2.56255 0.479157 -0.592978 0.253203 0.191176 1 0 0 
-2.56255 0.094467 -0.742009 0.496797 0.191176 1 0 0 
-2.56255 0.147559 -0.86225 0.496797 0.176471 1 0 0 
-2.56255 0.147559 -0.86225 0.496797 0.176471 1 0 0 
-2.56255 0.516858 -0.678361 0.253203 0.176471 1 0 0 
-2.56255 0.479157 -0.592978 0.253203 0.191176 1 0 0 
-2.55713 0.089408 -0.743968 0.506705 0.191176 0.0002 0.9995 -0.0308 
-2.36592 0.089408 -0.743968 0.743295 0.191176 0 0.9995 -0.0308 
-2.36592 0.142703 -0.864668 0.743295 0.176471 -0 0.9887 0.15 
-2.36592 0.142703 -0.864668 0.743295 0.176471 -0 0.9887 0.15 
-2.55713 0.142703 -0.864669 0.506705 0.176471 -0 0.9887 0.15 
-2.55713 0.089408 -0.743968 0.506705 0.191176 0.0002 0.9995 -0.0308 
-2.3605 0.094467 -0.742008 0.753203 0.191176 -1 0 0 
-2.3605 0.479157 -0.592978 0.996797 0.191176 -1 0 0 
-2.3605 0.516858 -0.678361 0.996797 0.176471 -1 0 0 
-2.3605 0.516858 -0.678361 0.996797 0.176471 -1 0 0 
-2.3605 0.147559 -0.86225 0.753203 0.176471 -1 0 0 
-2.3605 0.094467 -0.742008 0.753203 0.191176 -1 0 0 
-2.36592 0.521714 -0.675942 0.006705 0.176471 0 -0.992 -0.1265 
-2.55713 0.521714 -0.675943 0.243295 0.176471 0 -0.992 -0.1265 
-2.55713 0.566888 -0.757045 0.243295 0.161765 0 -0.9508 -0.3098 
-2.55713 0.566888 -0.757045 0.243295 0.161765 0 -0.9508 -0.3098 
-2.36592 0.566888 -0.757045 0.006705 0.161765 0 -0.9508 -0.3098 
-2.36592 0.521714 -0.675942 0.006705 0.176471 0 -0.992 -0.1265 
-2.56255 0.516858 -0.678361 0.253203 0.176471 1 0 0 
-2.56255 0.147559 -0.86225 0.496797 0.176471 1 0 0 
-2.56255 0.211519 -0.977081 0.496797 0.161765 1 0 0 
-2.56255 0.211519 -0.977081 0.496797 0.161765 1 0 0 
-2.56255 0.562275 -0.759901 0.253203 0.161765 1 0 0 
-2.56255 0.516858 -0.678361 0.253203 0.176471 1 0 0 
-2.55713 0.142703 -0.864669 0.506705 0.176471 -0 0.9887 0.15 
-2.36592 0.142703 -0.864668 0.743295 0.176471 -0 0.9887 0.15 
-2.36592 0.206907 -0.979936 0.743295 0.161765 -0 0.9454 0.3259 
-2.36592 0.206907 -0.979936 0.743295 0.161765 -0 0.9454 0.3259 
-2.55713 0.206907 -0.979937 0.506705 0.161765 -0 0.9454 0.3259 
-2.55713 0.142703 -0.864669 0.506705 0.176471 -0 0.9887 0.15 
-2.3605 0.147559 -0.86225 0.753203 0.176471 -1 0 0 
-2.3605 0.516858 -0.678361 0.996797 0.176471 -1 0 0 
-2.3605 0.562275 -0.759901 0.996797 0.161765 -1 0 0 
-2.3605 0.562275 -0.759901 0.996797 0.161765 -1 0 0 
-2.3605 0.211519 -0.977081 0.753203 0.161765 -1 0 0 
-2.3605 0.147559 -0.86225 0.753203 0.176471 -1 0 0 
-2.36592 0.566888 -0.757045 0.006705 0.161765 0 -0.9508 -0.3098 
-2.55713 0.566888 -0.757045 0.243295 0.161765 0 -0.9508 -0.3098 
-2.55713 0.619352 -0.833633 0.243295 0.147059 0 -0.8761 -0.4822 
-2.55713 0.619352 -0.833633 0.243295 0.147059 0 -0.8761 -0.4822 
-2.36592 0.619352 -0.833633 0.006705 0.147059 0 -0.8761 -0.4822 
-2.36592 0.566888 -0.757045 0.006705 0.161765 0 -0.9508 -0.3098 
-2.56255 0.562275 -0.759901 0.253203 0.161765 1 0 0 
-2.56255 0.211519 -0.977081 0.496797 0.161765 1 0 0 
-2.56255 0.285802 -1.08552 0.496797 0.147059 1 0 0 
-2.56255 0.285802 -1.08552 0.496797 0.147059 1 0 0 
-2.56255 0.615023 -0.836902 0.253203 0.147059 1 0 0 
-2.56255 0.562275 -0.759901 0.253203 0.161765 1 0 0 
-2.55713 0.206907 -0.979937 0.506705 0.161765 -0 0.9454 0.3259 
-2.36592 0.206907 -0.979936 0.743295 0.161765 -0 0.9454 0.3259 
-2.36592 0.281472 -1.08879 0.743295 0.147059 0 0.8711 0.4911 
-2.36592 0.281472 -1.08879 0.743295 0.147059 0 0.8711 0.4911 
-2.55713 0.281472 -1.08879 0.506705 0.147059 0 0.8711 0.4911 
-2.55713 0.206907 -0.979937 0.506705 0.161765 -0 0.9454 0.3259 
-2.3605 0.211519 -0.977081 0.753203 0.161765 -1 0 0 
-2.3605 0.562275 -0.759901 0.996797 0.161765 -1 0 0 
-2.3605 0.615023 -0.836902 0.996797 0.147059 -1 0 0 
-2.3605 0.615023 -0.836902 0.996797 0.147059 -1 0 0 
-2.3605 0.285802 -1.08552 0.753203 0.147059 -1 0 0 
-2.3605 0.211519 -0.977081 0.753203 0.161765 -1 0 0 
-2.36592 0.619352 -0.833633 0.006705 0.147059 0 -0.8761 -0.4822 
-2.55713 0.619352 -0.833633 0.243295 0.147059 0 -0.8761 -0.4822 
-2.55713 0.678659 -0.905054 0.243295 0.132353 0 -0.7704 -0.6376 
-2.55713 0.678659 -0.905054 0.243295 0.132353 0 -0.7704 -0.6376 
-2.36592 0.678659 -0.905053 0.006705 0.132353 0 -0.7704 -0.6376 
-2.36592 0.619352 -0.833633 0.006705 0.147059 0 -0.8761 -0.4822 
-2.56255 0.615023 -0.836902 0.253203 0.147059 1 0 0 
-2.56255 0.285802 -1.08552 0.496797 0.147059 1 0 0 
-2.56255 0.369773 -1.18664 0.496797 0.132353 1 0 0 
-2.56255 0.369773 -1.18664 0.496797 0.132353 1 0 0 
-2.56255 0.67465 -0.908708 0.253203 0.132353 1 0 0 
-2.56255 0.615023 -0.836902 0.253203 0.147059 1 0 0 
-2.55713 0.281472 -1.08879 0.506705 0.147059 0 0.8711 0.4911 
-2.36592 0.281472 -1.08879 0.743295 0.147059 0 0.8711 0.4911 
-2.36592 0.365764 -1.1903 0.743295 0.132353 0 0.7682 0.6402 
-2.36592 0.365764 -1.1903 0.743295 0.132353 0 0.7682 0.6402 
-2.55713 0.365764 -1.1903 0.506705 0.132353 0 0.7682 0.6402 
-2.55713 0.281472 -1.08879 0.506705 0.147059 0 0.8711 0.4911 
-2.3605 0.285802 -1.08552 0.753203 0.147059 -1 0 0 
-2.3605 0.615023 -0.836902 0.996797 0.147059 -1 0 0 
-2.3605 0.67465 -0.908708 0.996797 0.132353 -1 0 0 
-2.3605 0.67465 -0.908708 0.996797 0.132353 -1 0 0 
-2.3605 0.369773 -1.18664 0.753203 0.132353 -1 0 0 
-2.3605 0.285802 -1.08552 0.753203 0.147059 -1 0 0 
-2.36592 0.678659 -0.905053 0.006705 0.132353 0 -0.7704 -0.6376 
-2.55713 0.678659 -0.905054 0.243295 0.132353 0 -0.7704 -0.6376 
-2.55713 0.744303 -0.970697 0.243295 0.117647 0 -0.6376 -0.7704 
-2.55713 0.744303 -0.970697 0.243295 0.117647 0 -0.6376 -0.7704 
-2.36592 0.744303 -0.970697 0.006705 0.117647 0 -0.6376 -0.7704 
-2.36592 0.678659 -0.905053 0.006705 0.132353 0 -0.7704 -0.6376 
-2.56255 0.67465 -0.908708 0.253203 0.132353 1 0 0 
-2.56255 0.369773 -1.18664 0.496797 0.132353 1 0 0 
-2.56255 0.462716 -1.27959 0.496797 0.117647 1 0 0 
-2.56255 0.462716 -1.27959 0.496797 0.117647 1 0 0 
-2.56255 0.740649 -0.974707 0.253203 0.117647 1 0 0 
-2.56255 0.67465 -0.908708 0.253203 0.132353 1 0 0 
-2.55713 0.365764 -1.1903 0.506705 0.132353 0 0.7682 0.6402 
-2.36592 0.365764 -1.1903 0.743295 0.132353 0 0.7682 0.6402 
-2.36592 0.459062 -1.28359 0.743295 0.117647 0 0.6402 0.7682 
-2.36592 0.459062 -1.28359 0.743295 0.117647 0 0.6402 0.7682 
-2.55713 0.459062 -1.28359 0.506705 0.117647 0 0.6402 0.7682 
-2.55713 0.365764 -1.1903 0.506705 0.132353 0 0.7682 0.6402 
-2.3605 0.369773 -1.18664 0.753203 0.132353 -1 0 0 
-2.3605 0.67465 -0.908708 0.996797 0.132353 -1 0 0 
-2.3605 0.740649 -0.974706 0.996797 0.117647 -1 0 0 
-2.3605 0.740649 -0.974706 0.996797 0.117647 -1 0 0 
-2.3605 0.462716 -1.27959 0.753203 0.117647 -1 0 0 
-2.3605 0.369773 -1.18664 0.753203 0.132353 -1 0 0 
-2.36592 0.744303 -0.970697 0.006705 0.117647 0 -0.6376 -0.7704 
-2.55713 0.744303 -0.970697 0.243295 0.117647 0 -0.6376 -0.7704 
-2.55713 0.815724 -1.03 0.243295 0.102941 0 -0.4822 -0.8761 
-2.55713 0.815724 -1.03 0.243295 0.102941 0 -0.4822 -0.8761 
-2.36592 0.815724 -1.03 0.006705 0.102941 0 -0.4822 -0.8761 
-2.36592 0.744303 -0.970697 0.006705 0.117647 0 -0.6376 -0.7704 
-2.56255 0.740649 -0.974707 0.253203 0.117647 1 0 0 
-2.56255 0.462716 -1.27959 0.496797 0.117647 1 0 0 
-2.56255 0.563839 -1.36356 0.496797 0.102941 1 0 0 
-2.56255 0.563839 -1.36356 0.496797 0.102941 1 0 0 
-2.56255 0.812455 -1.03433 0.253203 0.102941 1 0 0 
-2.56255 0.740649 -0.974707 0.253203 0.117647 1 0 0 
-2.55713 0.459062 -1.28359 0.506705 0.117647 0 0.6402 0.7682 
-2.36592 0.459062 -1.28359 0.743295 0.117647 0 0.6402 0.7682 
-2.36592 0.56057 -1.36788 0.743295 0.102941 -0 0.4911 0.8711 
-2.36592 0.56057 -1.36788 0.743295 0.102941 -0 0.4911 0.8711 
-2.55713 0.56057 -1.36788 0.506705 0.102941 -0 0.4911 0.8711 
-2.55713 0.459062 -1.28359 0.506705 0.117647 0 0.6402 0.7682 
-2.3605 0.462716 -1.27959 0.753203 0.117647 -1 0 0 
-2.3605 0.740649 -0.974706 0.996797 0.117647 -1 0 0 
-2.3605 0.812455 -1.03433 0.996797 0.102941 -1 0 0 
-2.3605 0.812455 -1.03433 0.996797 0.102941 -1 0 0 
-2.3605 0.563839 -1.36356 0.753203 0.102941 -1 0 0 
-2.3605 0.462716 -1.27959 0.753203 0.117647 -1 0 0 
-2.36592 0.815724 -1.03 0.006705 0.102941 0 -0.4822 -0.8761 
-2.55713 0.815724 -1.03 0.243295 0.102941 0 -0.4822 -0.8761 
-2.55713 0.892312 -1.08247 0.243295 0.088235 0 -0.3098 -0.9508 
-2.55713 0.892312 -1.08247 0.243295 0.088235 0 -0.3098 -0.9508 
-2.36592 0.892312 -1.08247 0.006705 0.088235 -0.0001 -0.3098 -0.9508 
-2.36592 0.815724 -1.03 0.006705 0.102941 0 -0.4822 -0.8761 
-2.56255 0.812455 -1.03433 0.253203 0.102941 1 0 0 
-2.56255 0.563839 -1.36356 0.496797 0.102941 1 0 0 
-2.56255 0.672278 -1.43784 0.496797 0.088235 1 0 0 
-2.56255 0.672278 -1.43784 0.496797 0.088235 1 0 0 
-2.56255 0.889457 -1.08708 0.253203 0.088235 1 0 0 
-2.56255 0.812455 -1.03433 0.253203 0.102941 1 0 0 
-2.55713 0.56057 -1.36788 0.506705 0.102941 -0 0.4911 0.8711 
-2.36592 0.56057 -1.36788 0.743295 0.102941 -0 0.4911 0.8711 
-2.36592 0.669422 -1.44245 0.743295 0.088235 -0 0.3259 0.9454 
-2.36592 0.669422 -1.44245 0.743295 0.088235 -0 0.3259 0.9454 
-2.55713 0.669422 -1.44245 0.506705 0.088235 -0 0.3259 0.9454 
-2.55713 0.56057 -1.36788 0.506705 0.102941 -0 0.4911 0.8711 
-2.3605 0.563839 -1.36356 0.753203 0.102941 -1 0 0 
-2.3605 0.812455 -1.03433 0.996797 0.102941 -1 0 0 
-2.3605 0.889457 -1.08708 0.996797 0.088235 -1 0 0 
-2.3605 0.889457 -1.08708 0.996797 0.088235 -1 0 0 
-2.3605 0.672278 -1.43784 0.753203 0.088235 -1 0 0 
-2.3605 0.563839 -1.36356 0.753203 0.102941 -1 0 0 
-2.36592 0.892312 -1.08247 0.006705 0.088235 -0.0001 -0.3098 -0.9508 
-2.55713 0.892312 -1.08247 0.243295 0.088235 0 -0.3098 -0.9508 
-2.55713 0.973415 -1.12764 0.243295 0.073529 0 -0.1265 -0.992 
-2.55713 0.973415 -1.12764 0.243295 0.073529 0 -0.1265 -0.992 
-2.36592 0.973415 -1.12764 0.006705 0.073529 0 -0.1265 -0.992 
-2.36592 0.892312 -1.08247 0.006705 0.088235 -0.0001 -0.3098 -0.9508 
-2.56255 0.889457 -1.08708 0.253203 0.088235 1 0 0 
-2.56255 0.672278 -1.43784 0.496797 0.088235 1 0 0 
-2.56255 0.787108 -1.5018 0.496797 0.073529 1 0 0 
-2.56255 0.787108 -1.5018 0.496797 0.073529 1 0 0 
-2.56255 0.970996 -1.1325 0.253203 0.073529 1 0 0 
-2.56255 0.889457 -1.08708 0.253203 0.088235 1 0 0 
-2.55713 0.669422 -1.44245 0.506705 0.088235 -0 0.3259 0.9454 
-2.36592 0.669422 -1.44245 0.743295 0.088235 -0 0.3259 0.9454 
-2.36592 0.78469 -1.50665 0.743295 0.073529 -0 0.15 0.9887 
-2.36592 0.78469 -1.50665 0.743295 0.073529 -0 0.15 0.9887 
-2.55713 0.78469 -1.50665 0.506705 0.073529 -0 0.15 0.9887 
-2.55713 0.669422 -1.44245 0.506705 0.088235 -0 0.3259 0.9454 
-2.3605 0.672278 -1.43784 0.753203 0.088235 -1 0 0 
-2.3605 0.889457 -1.08708 0.996797 0.088235 -1 0 0 
-2.3605 0.970996 -1.1325 0.996797 0.073529 -1 0 0 
-2.3605 0.970996 -1.1325 0.996797 0.073529 -1 0 0 
-2.3605 0.787108 -1.5018 0.753203 0.073529 -1 0 0 
-2.3605 0.672278 -1.43784 0.753203 0.088235 -1 0 0 
-2.36592 0.973415 -1.12764 0.006705 0.073529 0 -0.1265 -0.992 
-2.55713 0.973415 -1.12764 0.243295 0.073529 0 -0.1265 -0.992 
-2.55713 1.05834 -1.16514 0.243295 0.058824 0 0.0613 -0.9981 
-2.55713 1.05834 -1.16514 0.243295 0.058824 0 0.0613 -0.9981 
-2.36592 1.05834 -1.16514 0.006705 0.058824 0 0.0613 -0.9981 
-2.36592 0.973415 -1.12764 0.006705 0.073529 0 -0.1265 -0.992 
-2.56255 0.970996 -1.1325 0.253203 0.073529 1 0 0 
-2.56255 0.787108 -1.5018 0.496797 0.073529 1 0 0 
-2.56255 0.90735 -1.55489 0.496797 0.058824 1 0 0 
-2.56255 0.90735 -1.55489 0.496797 0.058824 1 0 0 
-2.56255 1.05638 -1.1702 0.253203 0.058824 1 0 0 
-2.56255 0.970996 -1.1325 0.253203 0.073529 1 0 0 
-2.55713 0.78469 -1.50665 0.506705 0.073529 -0 0.15 0.9887 
-2.36592 0.78469 -1.50665 0.743295 0.073529 -0 0.15 0.9887 
-2.36592 0.90539 -1.55995 0.743295 0.058824 -0 -0.0308 0.9995 
-2.36592 0.90539 -1.55995 0.743295 0.058824 -0 -0.0308 0.9995 
-2.55713 0.90539 -1.55995 0.506705 0.058824 -0 -0.0308 0.9995 
-2.55713 0.78469 -1.50665 0.506705 0.073529 -0 0.15 0.9887 
-2.3605 0.787108 -1.5018 0.753203 0.073529 -1 0 0 
-2.3605 0.970996 -1.1325 0.996797 0.073529 -1 0 0 
-2.3605 1.05638 -1.1702 0.996797 0.058824 -1 0 0 
-2.3605 1.05638 -1.1702 0.996797 0.058824 -1 0 0 
-2.3605 0.90735 -1.55489 0.753203 0.058824 -1 0 0 
-2.3605 0.787108 -1.5018 0.753203 0.073529 -1 0 0 
-2.36592 1.05834 -1.16514 0.006705 0.058824 0 0.0613 -0.9981 
-2.55713 1.05834 -1.16514 0.243295 0.058824 0 0.0613 -0.9981 
-2.55713 1.14636 -1.19464 0.243295 0.044118 0 0.1701 -0.9854 
-2.55713 1.14636 -1.19464 0.243295 0.044118 0 0.1701 -0.9854 
-2.36592 1.14636 -1.19464 0.006705 0.044118 0 0.1701 -0.9854 
-2.36592 1.05834 -1.16514 0.006705 0.058824 0 0.0613 -0.9981 
-2.56255 1.05638 -1.1702 0.253203 0.058824 1 0 0 
-2.56255 0.90735 -1.55489 0.496797 0.058824 1 0 0 
-2.56255 1.03198 -1.59666 0.496797 0.044118 1 0 0 
-2.56255 1.03198 -1.59666 0.496797 0.044118 1 0 0 
-2.56255 1.14488 -1.19986 0.253203 0.044118 1 0 0 
-2.56255 1.05638 -1.1702 0.253203 0.058824 1 0 0 
-2.55713 0.90539 -1.55995 0.506705 0.058824 -0 -0.0308 0.9995 
-2.36592 0.90539 -1.55995 0.743295 0.058824 -0 -0.0308 0.9995 
-2.36592 1.03049 -1.60188 0.743295 0.044118 -0 -0.1387 0.9903 
-2.36592 1.03049 -1.60188 0.743295 0.044118 -0 -0.1387 0.9903 
-2.55713 1.03049 -1.60188 0.506705 0.044118 -0 -0.1387 0.9903 
-2.55713 0.90539 -1.55995 0.506705 0.058824 -0 -0.0308 0.9995 
-2.3605 0.90735 -1.55489 0.753203 0.058824 -1 0 0 
-2.3605 1.05638 -1.1702 0.996797 0.058824 -1 0 0 
-2.3605 1.14488 -1.19986 0.996797 0.044118 -1 0 0 
-2.3605 1.14488 -1.19986 0.996797 0.044118 -1 0 0 
-2.3605 1.03198 -1.59666 0.753203 0.044118 -1 0 0 
-2.3605 0.90735 -1.55489 0.753203 0.058824 -1 0 0 
-2.36592 1.14636 -1.19464 0.006705 0.044118 0 0.1701 -0.9854 
-2.55713 1.14636 -1.19464 0.243295 0.044118 0 0.1701 -0.9854 
-2.55713 1.23673 -1.2159 0.243295 0.029412 0 0.1651 -0.9863 
-2.55713 1.23673 -1.2159 0.243295 0.029412 0 0.1651 -0.9863 
-2.36592 1.23673 -1.2159 0.006705 0.029412 0 0.1651 -0.9863 
-2.36592 1.14636 -1.19464 0.006705 0.044118 0 0.1701 -0.9854 
-2.56255 1.14488 -1.19986 0.253203 0.044118 1 0 0 
-2.56255 1.03198 -1.59666 0.496797 0.044118 1 0 0 
-2.56255 1.15993 -1.62675 0.496797 0.029412 1 0 0 
-2.56255 1.15993 -1.62675 0.496797 0.029412 1 0 0 
-2.56255 1.23573 -1.22123 0.253203 0.029412 1 0 0 
-2.56255 1.14488 -1.19986 0.253203 0.044118 1 0 0 
-2.55713 1.03049 -1.60188 0.506705 0.044118 -0 -0.1387 0.9903 
-2.36592 1.03049 -1.60188 0.743295 0.044118 -0 -0.1387 0.9903 
-2.36592 1.15893 -1.63209 0.743295 0.029412 0 -0.1405 0.9901 
-2.36592 1.15893 -1.63209 0.743295 0.029412 0 -0.1405 0.9901 
-2.55713 1.15893 -1.63209 0.506705 0.029412 0 -0.1405 0.9901 
-2.55713 1.03049 -1.60188 0.506705 0.044118 -0 -0.1387 0.9903 
-2.3605 1.03198 -1.59666 0.753203 0.044118 -1 0 0 
-2.3605 1.14488 -1.19986 0.996797 0.044118 -1 0 0 
-2.3605 1.23573 -1.22123 0.996797 0.029412 -1 0 0 
-2.3605 1.23573 -1.22123 0.996797 0.029412 -1 0 0 
-2.3605 1.15993 -1.62675 0.753203 0.029412 -1 0 0 
-2.3605 1.03198 -1.59666 0.753203 0.044118 -1 0 0 
-2.36592 1.23673 -1.2159 0.006705 0.029412 0 0.1651 -0.9863 
-2.55713 1.23673 -1.2159 0.243295 0.029412 0 0.1651 -0.9863 
-2.55713 1.32867 -1.22872 0.243295 0.014706 0 0.1038 -0.9946 
-2.55713 1.32867 -1.22872 0.243295 0.014706 0 0.1038 -0.9946 
-2.36592 1.32867 -1.22872 0.006705 0.014706 0 0.1038 -0.9946 
-2.36592 1.23673 -1.2159 0.006705 0.029412 0 0.1651 -0.9863 
-2.56255 1.23573 -1.22123 0.253203 0.029412 1 0 0 
-2.56255 1.15993 -1.62675 0.496797 0.029412 1 0 0 
-2.56255 1.29011 -1.64491 0.496797 0.014706 1 0 0 
-2.56255 1.29011 -1.64491 0.496797 0.014706 1 0 0 
-2.56255 1.32817 -1.23412 0.253203 0.014706 1 0 0 
-2.56255 1.23573 -1.22123 0.253203 0.029412 1 0 0 
-2.55713 1.15893 -1.63209 0.506705 0.029412 0 -0.1405 0.9901 
-2.36592 1.15893 -1.63209 0.743295 0.029412 0 -0.1405 0.9901 
-2.36592 1.28961 -1.65031 0.743295 0.014706 -0 -0.0899 0.9959 
-2.36592 1.28961 -1.65031 0.743295 0.014706 -0 -0.0899 0.9959 
-2.55713 1.28961 -1.65031 0.506705 0.014706 -0 -0.0899 0.9959 
-2.55713 1.15893 -1.63209 0.506705 0.029412 0 -0.1405 0.9901 
-2.3605 1.15993 -1.62675 0.753203 0.029412 -1 0 0 
-2.3605 1.23573 -1.22123 0.996797 0.029412 -1 0 0 
-2.3605 1.32817 -1.23412 0.996797 0.014706 -1 0 0 
-2.3605 1.32817 -1.23412 0.996797 0.014706 -1 0 0 
-2.3605 1.29011 -1.64491 0.753203 0.014706 -1 0 0 
-2.3605 1.15993 -1.62675 0.753203 0.029412 -1 0 0 
-2.36592 1.32867 -1.22872 0.006705 0.014706 0 0.1038 -0.9946 
-2.55713 1.32867 -1.22872 0.243295 0.014706 0 0.1038 -0.9946 
-2.55713 1.42141 -1.23301 0.243295 0 -0 -0.02 -0.9998 
-2.55713 1.42141 -1.23301 0.243295 0 -0 -0.02 -0.9998 
-2.36592 1.42141 -1.23301 0.006705 0 -0 -0.02 -0.9998 
-2.36592 1.32867 -1.22872 0.006705 0.014706 0 0.1038 -0.9946 
-2.56255 1.32817 -1.23412 0.253203 0.014706 1 0 0 
-2.56255 1.29011 -1.64491 0.496797 0.014706 1 0 0 
-2.56255 1.42141 -1.65098 0.496797 0 1 0 0 
-2.56255 1.42141 -1.65098 0.496797 0 1 0 0 
-2.56255 1.42141 -1.23843 0.253203 0 1 0 0 
-2.56255 1.32817 -1.23412 0.253203 0.014706 1 0 0 
-2.55713 1.28961 -1.65031 0.506705 0.014706 -0 -0.0899 0.9959 
-2.36592 1.28961 -1.65031 0.743295 0.014706 -0 -0.0899 0.9959 
-2.36592 1.42141 -1.65641 0.743295 0 -0 0.02 0.9998 
-2.36592 1.42141 -1.65641 0.743295 0 -0 0.02 0.9998 
-2.55713 1.42141 -1.65641 0.506705 0 -0 0.02 0.9998 
-2.55713 1.28961 -1.65031 0.506705 0.014706 -0 -0.0899 0.9959 
-2.3605 1.29011 -1.64491 0.753203 0.014706 -1 0 0 
-2.3605 1.32817 -1.23412 0.996797 0.014706 -1 0 0 
-2.3605 1.42141 -1.23843 0.996797 0 -1 0 0 
-2.3605 1.42141 -1.23843 0.996797 0 -1 0 0 
-2.3605 1.42141 -1.65098 0.753203 0 -1 0 0 
-2.3605 1.29011 -1.64491 0.753203 0.014706 -1 0 0 
-2.36592 -0.001634 -0.227948 0.740095 0.25 -0.5117 0.5259 -0.6794 
-2.55713 -0.001634 -0.227948 0.503505 0.25 0.5152 0.5296 -0.6739 
-2.55713 0.410927 -0.227948 0.252894 0.25 0.5131 -0.4982 -0.699 
-2.55713 0.410927 -0.227948 0.252894 0.25 0.5131 -0.4982 -0.699 
-2.36592 0.410927 -0.227948 0.016305 0.25 -0.5172 -0.5023 -0.693 
-2.36592 -0.001634 -0.227948 0.740095 0.25 -0.5117 0.5259 -0.6794 
-2.36592 1.42141 -1.23301 0.006705 0 -0.194 0.4103 0.8911 
-2.55713 1.42141 -1.23301 0.243295 0 0.1297 0.2997 0.9452 
-2.55779 1.42141 -1.06638 0.266687 0 0.5872 0.8094 0.0023 
-2.55779 1.42141 -1.06638 0.266687 0 0.5872 0.8094 0.0023 
-2.36529 1.42141 -1.06638 0.859428 0 -0.6053 0.796 0.0023 
-2.36592 1.42141 -1.23301 0.006705 0 -0.194 0.4103 0.8911 
-2.55713 1.42141 -1.65641 0.506705 0 0.2976 0.4565 -0.8385 
-2.36592 1.42141 -1.65641 0.743295 0 -0.2444 0.3595 -0.9006 
-2.36529 1.42141 -1.82304 0.743295 0 -0.5872 0.8094 -0.0022 
-2.36529 1.42141 -1.82304 0.743295 0 -0.5872 0.8094 -0.0022 
-2.55779 1.42141 -1.82304 0.506705 0 0.6053 0.796 -0.0024 
-2.55713 1.42141 -1.65641 0.506705 0 0.2976 0.4565 -0.8385 
-2.36522 1.44116 -1.05566 0.964578 0 -0.6 -0.4091 -0.6874 
-2.55787 1.44116 -1.05566 0.276616 0 0.6032 -0.3451 -0.7191 
-2.55751 2.03488 -1.44175 0.382013 0 0.6702 -0.74 -0.0561 
-2.55751 2.03488 -1.44175 0.382013 0 0.6702 -0.74 -0.0561 
-2.36556 2.03488 -1.44175 0.500335 0 -0.6763 -0.7356 -0.0394 
-2.36522 1.44116 -1.05566 0.964578 0 -0.6 -0.4091 -0.6874 
-2.55787 1.44116 -1.83376 0.50284 0 0.6001 -0.4091 0.6874 
-2.36522 1.44116 -1.83376 0.745828 0 -0.6032 -0.3451 0.7191 
-2.36556 2.03488 -1.44766 0.822016 0 -0.6632 -0.7447 0.0747 
-2.36556 2.03488 -1.44766 0.822016 0 -0.6632 -0.7447 0.0747 
-2.55751 2.03488 -1.44766 0.388168 0 0.6671 -0.7422 0.0644 
-2.55787 1.44116 -1.83376 0.50284 0 0.6001 -0.4091 0.6874 
-2.56325 1.43353 -1.06078 0.252452 0 1 0.002 0.0039 
-2.56324 1.42986 -1.06278 0.251709 0 1 -0.0011 -0.0024 
-2.56321 1.42683 -1.06787 0.251096 0 0.8471 0.5315 0.0033 
-2.56321 1.42683 -1.06787 0.251096 0 0.8471 0.5315 0.0033 
-2.56256 1.42683 -1.23486 0.251096 0 0.8802 0.4239 -0.2132 
-2.56291 2.01842 -1.43751 0.370752 0 0.7602 -0.4367 -0.481 
-2.56325 1.43353 -1.06078 0.252452 0 1 0.002 0.0039 
-2.56321 1.42683 -1.06787 0.251096 0 0.8471 0.5315 0.0033 
-2.56291 2.01842 -1.43751 0.370752 0 0.7602 -0.4367 -0.481 
-2.56327 1.43946 -1.06102 0.25365 0 0.8497 -0.2873 -0.4422 
-2.56325 1.43353 -1.06078 0.252452 0 1 0.002 0.0039 
-2.56291 2.01842 -1.43751 0.370752 0 0.7602 -0.4367 -0.481 
-2.35983 1.43353 -1.82863 0.751635 0 -1 0.0019 -0.0037 
-2.35985 1.42986 -1.82664 0.75114 0 -1 -0.0011 0.0023 
-2.35987 1.42683 -1.82155 0.750731 0 -0.8471 0.5315 -0.0032 
-2.35987 1.42683 -1.82155 0.750731 0 -0.8471 0.5315 -0.0032 
-2.3605 1.42683 -1.65455 0.750731 0 -0.8803 0.4239 0.2132 
-2.36016 2.01842 -1.4519 0.830501 0 -0.7591 -0.4375 0.4819 
-2.35983 1.43353 -1.82863 0.751635 0 -1 0.0019 -0.0037 
-2.35987 1.42683 -1.82155 0.750731 0 -0.8471 0.5315 -0.0032 
-2.36016 2.01842 -1.4519 0.830501 0 -0.7591 -0.4375 0.4819 
-2.35982 1.43946 -1.8284 0.752434 0 -0.8497 -0.2872 0.4421 
-2.35983 1.43353 -1.82863 0.751635 0 -1 0.0019 -0.0037 
-2.36016 2.01842 -1.4519 0.830501 0 -0.7591 -0.4375 0.4819 
-2.3605 1.42141 -1.65098 0.753203 0 -0.869 0.2728 0.4129 
-2.3605 1.42141 -1.23843 0.996797 0 -0.8698 0.272 -0.4117 
-2.3605 1.42683 -1.23486 0.998539 0 -0.8713 0.44 -0.2174 
-2.3605 1.42683 -1.23486 0.998539 0 -0.8713 0.44 -0.2174 
-2.36016 2.01842 -1.43751 0.838998 0 -0.7649 -0.434 -0.4761 
-2.36016 2.01842 -1.4519 0.830501 0 -0.7591 -0.4375 0.4819 
-2.3605 1.42141 -1.65098 0.753203 0 -0.869 0.2728 0.4129 
-2.3605 1.42683 -1.23486 0.998539 0 -0.8713 0.44 -0.2174 
-2.36016 2.01842 -1.4519 0.830501 0 -0.7591 -0.4375 0.4819 
-2.3605 1.42683 -1.65455 0.750731 0 -0.8803 0.4239 0.2132 
-2.3605 1.42141 -1.65098 0.753203 0 -0.869 0.2728 0.4129 
-2.36016 2.01842 -1.4519 0.830501 0 -0.7591 -0.4375 0.4819 
-2.3605 1.42683 -1.23486 0.998539 0 -0.8713 0.44 -0.2174 
-2.35987 1.42683 -1.06787 1.09714 0 -0.8517 0.5241 -0.0015 
-2.35985 1.42986 -1.06277 1.09995 0 -1 0.0019 0.0038 
-2.35985 1.42986 -1.06277 1.09995 0 -1 0.0019 0.0038 
-2.35983 1.43353 -1.06078 1.05577 0 -1 -0.0011 -0.0023 
-2.35982 1.43946 -1.06102 1.10034 0 -0.8488 -0.2886 -0.443 
-2.3605 1.42683 -1.23486 0.998539 0 -0.8713 0.44 -0.2174 
-2.35985 1.42986 -1.06277 1.09995 0 -1 0.0019 0.0038 
-2.35982 1.43946 -1.06102 1.10034 0 -0.8488 -0.2886 -0.443 
-2.3605 1.42683 -1.23486 0.998539 0 -0.8713 0.44 -0.2174 
-2.35982 1.43946 -1.06102 1.10034 0 -0.8488 -0.2886 -0.443 
-2.36016 2.01842 -1.43751 0.838998 0 -0.7649 -0.434 -0.4761 
-2.56256 1.42683 -1.65455 0.498904 0 0.871 0.4387 0.2209 
-2.56321 1.42683 -1.82155 0.498904 0 0.8517 0.5239 0.0015 
-2.56324 1.42986 -1.82664 0.498291 0 1 0.0019 -0.0039 
-2.56324 1.42986 -1.82664 0.498291 0 1 0.0019 -0.0039 
-2.56325 1.43353 -1.82863 0.497548 0 1 -0.0011 0.0024 
-2.56327 1.43946 -1.8284 0.49635 0 0.8489 -0.2885 0.4429 
-2.56256 1.42683 -1.65455 0.498904 0 0.871 0.4387 0.2209 
-2.56324 1.42986 -1.82664 0.498291 0 1 0.0019 -0.0039 
-2.56327 1.43946 -1.8284 0.49635 0 0.8489 -0.2885 0.4429 
-2.56256 1.42683 -1.65455 0.498904 0 0.871 0.4387 0.2209 
-2.56327 1.43946 -1.8284 0.49635 0 0.8489 -0.2885 0.4429 
-2.56291 2.01842 -1.4519 0.379248 0 0.7612 -0.4359 0.4802 
-2.56255 1.42141 -1.23843 0.253203 0 0.869 0.2729 -0.4129 
-2.56255 1.42141 -1.65098 0.496797 0 0.8698 0.272 0.4117 
-2.56256 1.42683 -1.65455 0.498904 0 0.871 0.4387 0.2209 
-2.56256 1.42683 -1.65455 0.498904 0 0.871 0.4387 0.2209 
-2.56291 2.01842 -1.4519 0.379248 0 0.7612 -0.4359 0.4802 
-2.56291 2.01842 -1.43751 0.370752 0 0.7602 -0.4367 -0.481 
-2.56255 1.42141 -1.23843 0.253203 0 0.869 0.2729 -0.4129 
-2.56256 1.42683 -1.65455 0.498904 0 0.871 0.4387 0.2209 
-2.56291 2.01842 -1.43751 0.370752 0 0.7602 -0.4367 -0.481 
-2.56256 1.42683 -1.23486 0.251096 0 0.8802 0.4239 -0.2132 
-2.56255 1.42141 -1.23843 0.253203 0 0.869 0.2729 -0.4129 
-2.56291 2.01842 -1.43751 0.370752 0 0.7602 -0.4367 -0.481 
-2.55783 1.42596 -1.05872 0.269896 0 -0 0.6798 -0.7334 
-2.55785 1.43226 -1.05531 0.273328 0 0 -0.0841 -0.9965 
-2.36523 1.43226 -1.05531 1.02448 0 -0 -0.0844 -0.9964 
-2.36523 1.43226 -1.05531 1.02448 0 -0 -0.0844 -0.9964 
-2.36526 1.42596 -1.05872 0.944125 0 0 0.6799 -0.7333 
-2.55783 1.42596 -1.05872 0.269896 0 -0 0.6798 -0.7334 
-2.36526 1.42596 -1.83069 0.743913 0 0 0.6799 0.7333 
-2.36523 1.43226 -1.83411 0.744707 0 -0 -0.0841 0.9965 
-2.55785 1.43226 -1.83411 0.504562 0 -0 -0.0844 0.9964 
-2.55785 1.43226 -1.83411 0.504562 0 -0 -0.0844 0.9964 
-2.55783 1.42596 -1.83069 0.50578 0 0 0.6799 0.7334 
-2.36526 1.42596 -1.83069 0.743913 0 0 0.6799 0.7333 
-2.55779 1.42141 -1.06638 0.266687 0 0 0.4769 -0.8789 
-2.55783 1.42596 -1.05872 0.269896 0 -0 0.6798 -0.7334 
-2.36526 1.42596 -1.05872 0.944125 0 0 0.6799 -0.7333 
-2.36526 1.42596 -1.05872 0.944125 0 0 0.6799 -0.7333 
-2.36529 1.42141 -1.06638 0.859428 0 0 0.4769 -0.879 
-2.55779 1.42141 -1.06638 0.266687 0 0 0.4769 -0.8789 
-2.36529 1.42141 -1.82304 0.743295 0 0 0.4768 0.879 
-2.36526 1.42596 -1.83069 0.743913 0 0 0.6799 0.7333 
-2.55783 1.42596 -1.83069 0.50578 0 0 0.6799 0.7334 
-2.55783 1.42596 -1.83069 0.50578 0 0 0.6799 0.7334 
-2.55779 1.42141 -1.82304 0.506705 0 0 0.4769 0.879 
-2.36529 1.42141 -1.82304 0.743295 0 0 0.4768 0.879 
-2.55785 1.43226 -1.05531 0.273328 0 0 -0.0841 -0.9965 
-2.55787 1.44116 -1.05566 0.276616 0 0 0.5879 -0.8089 
-2.36522 1.44116 -1.05566 1.08076 0 -0 0.5134 -0.8582 
-2.36522 1.44116 -1.05566 1.08076 0 -0 0.5134 -0.8582 
-2.36523 1.43226 -1.05531 1.02448 0 -0 -0.0844 -0.9964 
-2.55785 1.43226 -1.05531 0.273328 0 0 -0.0841 -0.9965 
-2.36523 1.43226 -1.83411 0.744707 0 -0 -0.0841 0.9965 
-2.36522 1.44116 -1.83376 0.745828 0 -0 0.5879 0.8089 
-2.55787 1.44116 -1.83376 0.50284 0 0 0.5134 0.8582 
-2.55787 1.44116 -1.83376 0.50284 0 0 0.5134 0.8582 
-2.55785 1.43226 -1.83411 0.504562 0 -0 -0.0844 0.9964 
-2.36523 1.43226 -1.83411 0.744707 0 -0 -0.0841 0.9965 
-2.36592 1.42141 -1.23301 0.006705 0 -0.194 0.4103 0.8911 
-2.3605 1.42683 -1.23486 0.998539 0 -0.8713 0.44 -0.2174 
-2.3605 1.42141 -1.23843 0.996797 0 -0.8698 0.272 -0.4117 
-2.55713 1.42141 -1.23301 0.243295 0 0.1297 0.2997 0.9452 
-2.56255 1.42141 -1.23843 0.253203 0 0.869 0.2729 -0.4129 
-2.56256 1.42683 -1.23486 0.251096 0 0.8802 0.4239 -0.2132 
-2.56255 1.42141 -1.65098 0.496797 0 0.8698 0.272 0.4117 
-2.55713 1.42141 -1.65641 0.506705 0 0.2976 0.4565 -0.8385 
-2.56256 1.42683 -1.65455 0.498904 0 0.871 0.4387 0.2209 
-2.3605 1.42141 -1.65098 0.753203 0 -0.869 0.2728 0.4129 
-2.3605 1.42683 -1.65455 0.750731 0 -0.8803 0.4239 0.2132 
-2.36592 1.42141 -1.65641 0.743295 0 -0.2444 0.3595 -0.9006 
-2.36592 0.416596 -0.233361 0.006705 0.249142 -0.3331 -0.1399 -0.9325 
-2.3605 0.411171 -0.233367 0.996797 0.249141 -0.0996 -0.3312 -0.9383 
-2.36592 0.410927 -0.227948 0.016305 0.25 -0.5172 -0.5023 -0.693 
-2.55713 0.410927 -0.227948 0.252894 0.25 0.5131 -0.4982 -0.699 
-2.56255 0.411171 -0.233367 0.253203 0.24922 0.112 -0.3307 -0.9371 
-2.55713 0.416596 -0.233361 0.243295 0.249142 0.3338 -0.1294 -0.9337 
-2.55713 -0.001634 -0.227948 0.503505 0.25 0.5152 0.5296 -0.6739 
-2.55713 -0.006803 -0.233362 0.506705 0.249396 0.3265 0.1144 -0.9383 
-2.56255 -0.001378 -0.233368 0.496797 0.249395 0.1312 0.3278 -0.9356 
-2.3605 -0.001378 -0.233368 0.753203 0.24934 -0.1417 0.3273 -0.9342 
-2.36592 -0.006803 -0.233362 0.743295 0.249396 -0.3266 0.1019 -0.9396 
-2.36592 -0.001634 -0.227948 0.740095 0.25 -0.5117 0.5259 -0.6794 
-2.36016 2.01842 -1.43751 0.838998 0 -0.7649 -0.434 -0.4761 
-2.36556 2.03488 -1.44175 0.500335 0 -0.6763 -0.7356 -0.0394 
-2.36556 2.03488 -1.44766 0.822016 0 -0.6632 -0.7447 0.0747 
-2.36556 2.03488 -1.44766 0.822016 0 -0.6632 -0.7447 0.0747 
-2.36016 2.01842 -1.4519 0.830501 0 -0.7591 -0.4375 0.4819 
-2.36016 2.01842 -1.43751 0.838998 0 -0.7649 -0.434 -0.4761 
-2.56291 2.01842 -1.43751 0.370752 0 0.7602 -0.4367 -0.481 
-2.56291 2.01842 -1.4519 0.379248 0 0.7612 -0.4359 0.4802 
-2.55751 2.03488 -1.44766 0.388168 0 0.6671 -0.7422 0.0644 
-2.55751 2.03488 -1.44766 0.388168 0 0.6671 -0.7422 0.0644 
-2.55751 2.03488 -1.44175 0.382013 0 0.6702 -0.74 -0.0561 
-2.56291 2.01842 -1.43751 0.370752 0 0.7602 -0.4367 -0.481 
-2.36592 0.416596 -0.233361 0.006705 0.249142 -0.3331 -0.1399 -0.9325 
-2.36592 0.410927 -0.227948 0.016305 0.25 -0.5172 -0.5023 -0.693 
-2.55713 0.410927 -0.227948 0.252894 0.25 0.5131 -0.4982 -0.699 
-2.55713 0.410927 -0.227948 0.252894 0.25 0.5131 -0.4982 -0.699 
-2.55713 0.416596 -0.233361 0.243295 0.249142 0.3338 -0.1294 -0.9337 
-2.36592 0.416596 -0.233361 0.006705 0.249142 -0.3331 -0.1399 -0.9325 
-2.56255 0.411171 -0.233367 0.253203 0.24922 0.112 -0.3307 -0.9371 
-2.55713 0.410927 -0.227948 0.252894 0.25 0.5131 -0.4982 -0.699 
-2.55713 -0.001634 -0.227948 0.503505 0.25 0.5152 0.5296 -0.6739 
-2.55713 -0.001634 -0.227948 0.503505 0.25 0.5152 0.5296 -0.6739 
-2.56255 -0.001378 -0.233368 0.496797 0.249395 0.1312 0.3278 -0.9356 
-2.56255 0.411171 -0.233367 0.253203 0.24922 0.112 -0.3307 -0.9371 
-2.55713 -0.006803 -0.233362 0.506705 0.249396 0.3265 0.1144 -0.9383 
-2.55713 -0.001634 -0.227948 0.503505 0.25 0.5152 0.5296 -0.6739 
-2.36592 -0.001634 -0.227948 0.740095 0.25 -0.5117 0.5259 -0.6794 
-2.36592 -0.001634 -0.227948 0.740095 0.25 -0.5117 0.5259 -0.6794 
-2.36592 -0.006803 -0.233362 0.743295 0.249396 -0.3266 0.1019 -0.9396 
-2.55713 -0.006803 -0.233362 0.506705 0.249396 0.3265 0.1144 -0.9383 
-2.3605 -0.001378 -0.233368 0.753203 0.24934 -0.1417 0.3273 -0.9342 
-2.36592 -0.001634 -0.227948 0.740095 0.25 -0.5117 0.5259 -0.6794 
-2.36592 0.410927 -0.227948 0.016305 0.25 -0.5172 -0.5023 -0.693 
-2.36592 0.410927 -0.227948 0.016305 0.25 -0.5172 -0.5023 -0.693 
-2.3605 0.411171 -0.233367 0.996797 0.249141 -0.0996 -0.3312 -0.9383 
-2.3605 -0.001378 -0.233368 0.753203 0.24934 -0.1417 0.3273 -0.9342 
-2.36592 0.420633 -0.320683 0.006705 0.235294 -0.9809 0.0081 0.1945 
-2.3605 0.415231 -0.321184 0.996797 0.235294 0.0237 -0.9955 -0.0922 
-2.3605 0.411171 -0.233367 0.996797 0.249141 0 -0.9989 -0.0462 
-2.3605 0.411171 -0.233367 0.996797 0.249141 0 -0.9989 -0.0462 
-2.36592 0.416596 -0.233361 0.006705 0.249142 -0.9997 -0.0013 0.0261 
-2.36592 0.420633 -0.320683 0.006705 0.235294 -0.9809 0.0081 0.1945 
-2.55713 0.416596 -0.233361 0.243295 0.249142 0.9997 -0.0012 0.0262 
-2.56255 0.411171 -0.233367 0.253203 0.24922 0 -0.9989 -0.0462 
-2.56255 0.415231 -0.321184 0.253203 0.235294 -0.0237 -0.9955 -0.0923 
-2.56255 0.415231 -0.321184 0.253203 0.235294 -0.0237 -0.9955 -0.0923 
-2.55713 0.420633 -0.320683 0.243295 0.235294 0.9809 0.0082 0.1945 
-2.55713 0.416596 -0.233361 0.243295 0.249142 0.9997 -0.0012 0.0262 
-2.56255 -0.001378 -0.233368 0.496797 0.249395 0 0.9989 0.0462 
-2.55713 -0.006803 -0.233362 0.506705 0.249396 0.9997 0.0012 -0.0262 
-2.55713 -0.00096 -0.35975 0.506705 0.235294 0.9827 0.0401 -0.1809 
-2.55713 -0.00096 -0.35975 0.506705 0.235294 0.9827 0.0401 -0.1809 
-2.56255 0.004442 -0.35925 0.496797 0.235294 0.0251 0.9954 0.0922 
-2.56255 -0.001378 -0.233368 0.496797 0.249395 0 0.9989 0.0462 
-2.36592 -0.006803 -0.233362 0.743295 0.249396 -0.9997 0.0013 -0.0262 
-2.3605 -0.001378 -0.233368 0.753203 0.24934 0.0001 0.9989 0.0461 
-2.3605 0.004442 -0.35925 0.753203 0.235294 -0.0252 0.9954 0.0922 
-2.3605 0.004442 -0.35925 0.753203 0.235294 -0.0252 0.9954 0.0922 
-2.36592 -0.00096 -0.35975 0.743295 0.235294 -0.9827 0.04 -0.1809 
-2.36592 -0.006803 -0.233362 0.743295 0.249396 -0.9997 0.0013 -0.0262 
-2.36592 0.433459 -0.412628 0.006705 0.220588 -0.9402 -0.0366 0.3387 
-2.3605 0.428127 -0.413624 0.996797 0.220588 0.0238 -0.9827 -0.1837 
-2.3605 0.415231 -0.321184 0.996797 0.235294 0.0237 -0.9955 -0.0922 
-2.3605 0.415231 -0.321184 0.996797 0.235294 0.0237 -0.9955 -0.0922 
-2.36592 0.420633 -0.320683 0.006705 0.235294 -0.9809 0.0081 0.1945 
-2.36592 0.433459 -0.412628 0.006705 0.220588 -0.9402 -0.0366 0.3387 
-2.55713 0.420633 -0.320683 0.243295 0.235294 0.9809 0.0082 0.1945 
-2.56255 0.415231 -0.321184 0.253203 0.235294 -0.0237 -0.9955 -0.0923 
-2.56255 0.428127 -0.413624 0.253203 0.220588 -0.0237 -0.9827 -0.1837 
-2.56255 0.428127 -0.413624 0.253203 0.220588 -0.0237 -0.9827 -0.1837 
-2.55713 0.433459 -0.412628 0.243295 0.220588 0.9402 -0.0366 0.3387 
-2.55713 0.420633 -0.320683 0.243295 0.235294 0.9809 0.0082 0.1945 
-2.56255 0.004442 -0.35925 0.496797 0.235294 0.0251 0.9954 0.0922 
-2.55713 -0.00096 -0.35975 0.506705 0.235294 0.9827 0.0401 -0.1809 
-2.55713 0.017269 -0.490428 0.506705 0.220588 0.9457 0.0826 -0.3143 
-2.55713 0.017269 -0.490428 0.506705 0.220588 0.9457 0.0826 -0.3143 
-2.56255 0.022602 -0.489431 0.496797 0.220588 0.0251 0.9827 0.1837 
-2.56255 0.004442 -0.35925 0.496797 0.235294 0.0251 0.9954 0.0922 
-2.36592 -0.00096 -0.35975 0.743295 0.235294 -0.9827 0.04 -0.1809 
-2.3605 0.004442 -0.35925 0.753203 0.235294 -0.0252 0.9954 0.0922 
-2.3605 0.022602 -0.489431 0.753203 0.220588 -0.0252 0.9827 0.1837 
-2.3605 0.022602 -0.489431 0.753203 0.220588 -0.0252 0.9827 0.1837 
-2.36592 0.017269 -0.490428 0.743295 0.220588 -0.9457 0.0826 -0.3143 
-2.36592 -0.00096 -0.35975 0.743295 0.235294 -0.9827 0.04 -0.1809 
-2.36592 0.454714 -0.502996 0.006705 0.205882 -0.9031 -0.0918 0.4194 
-2.3605 0.449496 -0.504481 0.996797 0.205882 0.0237 -0.9616 -0.2736 
-2.3605 0.428127 -0.413624 0.996797 0.220588 0.0238 -0.9827 -0.1837 
-2.3605 0.428127 -0.413624 0.996797 0.220588 0.0238 -0.9827 -0.1837 
-2.36592 0.433459 -0.412628 0.006705 0.220588 -0.9402 -0.0366 0.3387 
-2.36592 0.454714 -0.502996 0.006705 0.205882 -0.9031 -0.0918 0.4194 
-2.55713 0.433459 -0.412628 0.243295 0.220588 0.9402 -0.0366 0.3387 
-2.56255 0.428127 -0.413624 0.253203 0.220588 -0.0237 -0.9827 -0.1837 
-2.56255 0.449496 -0.504481 0.253203 0.205882 -0.0238 -0.9616 -0.2736 
-2.56255 0.449496 -0.504481 0.253203 0.205882 -0.0238 -0.9616 -0.2736 
-2.55713 0.454714 -0.502996 0.243295 0.205882 0.9031 -0.0919 0.4195 
-2.55713 0.433459 -0.412628 0.243295 0.220588 0.9402 -0.0366 0.3387 
-2.56255 0.022602 -0.489431 0.496797 0.220588 0.0251 0.9827 0.1837 
-2.55713 0.017269 -0.490428 0.506705 0.220588 0.9457 0.0826 -0.3143 
-2.55713 0.047478 -0.618866 0.506705 0.205882 0.912 0.1349 -0.3873 
-2.55713 0.047478 -0.618866 0.506705 0.205882 0.912 0.1349 -0.3873 
-2.56255 0.052696 -0.617381 0.496797 0.205882 0.0252 0.9615 0.2736 
-2.56255 0.022602 -0.489431 0.496797 0.220588 0.0251 0.9827 0.1837 
-2.36592 0.017269 -0.490428 0.743295 0.220588 -0.9457 0.0826 -0.3143 
-2.3605 0.022602 -0.489431 0.753203 0.220588 -0.0252 0.9827 0.1837 
-2.3605 0.052696 -0.617381 0.753203 0.205882 -0.0251 0.9615 0.2736 
-2.3605 0.052696 -0.617381 0.753203 0.205882 -0.0251 0.9615 0.2736 
-2.36592 0.047478 -0.618865 0.743295 0.205882 -0.912 0.135 -0.3873 
-2.36592 0.017269 -0.490428 0.743295 0.220588 -0.9457 0.0826 -0.3143 
-2.36592 0.484216 -0.591018 0.006705 0.191176 -0.9103 -0.1246 0.3948 
-2.3605 0.479157 -0.592978 0.996797 0.191176 0.0237 -0.9322 -0.3611 
-2.3605 0.449496 -0.504481 0.996797 0.205882 0.0237 -0.9616 -0.2736 
-2.3605 0.449496 -0.504481 0.996797 0.205882 0.0237 -0.9616 -0.2736 
-2.36592 0.454714 -0.502996 0.006705 0.205882 -0.9031 -0.0918 0.4194 
-2.36592 0.484216 -0.591018 0.006705 0.191176 -0.9103 -0.1246 0.3948 
-2.55713 0.454714 -0.502996 0.243295 0.205882 0.9031 -0.0919 0.4195 
-2.56255 0.449496 -0.504481 0.253203 0.205882 -0.0238 -0.9616 -0.2736 
-2.56255 0.479157 -0.592978 0.253203 0.191176 -0.0237 -0.9322 -0.3612 
-2.56255 0.479157 -0.592978 0.253203 0.191176 -0.0237 -0.9322 -0.3612 
-2.55713 0.484216 -0.591018 0.243295 0.191176 0.9103 -0.1246 0.3948 
-2.55713 0.454714 -0.502996 0.243295 0.205882 0.9031 -0.0919 0.4195 
-2.56255 0.052696 -0.617381 0.496797 0.205882 0.0252 0.9615 0.2736 
-2.55713 0.047478 -0.618866 0.506705 0.205882 0.912 0.1349 -0.3873 
-2.55713 0.089408 -0.743968 0.506705 0.191176 0.9185 0.1647 -0.3594 
-2.55713 0.089408 -0.743968 0.506705 0.191176 0.9185 0.1647 -0.3594 
-2.56255 0.094467 -0.742009 0.496797 0.191176 0.0251 0.9322 0.3612 
-2.56255 0.052696 -0.617381 0.496797 0.205882 0.0252 0.9615 0.2736 
-2.36592 0.047478 -0.618865 0.743295 0.205882 -0.912 0.135 -0.3873 
-2.3605 0.052696 -0.617381 0.753203 0.205882 -0.0251 0.9615 0.2736 
-2.3605 0.094467 -0.742008 0.753203 0.191176 -0.0252 0.9322 0.3611 
-2.3605 0.094467 -0.742008 0.753203 0.191176 -0.0252 0.9322 0.3611 
-2.36592 0.089408 -0.743968 0.743295 0.191176 -0.9185 0.1646 -0.3594 
-2.36592 0.047478 -0.618865 0.743295 0.205882 -0.912 0.135 -0.3873 
-2.36592 0.521714 -0.675942 0.006705 0.176471 -0.9453 -0.1215 0.3029 
-2.3605 0.516858 -0.678361 0.996797 0.176471 0.0237 -0.8949 -0.4456 
-2.3605 0.479157 -0.592978 0.996797 0.191176 0.0237 -0.9322 -0.3611 
-2.3605 0.479157 -0.592978 0.996797 0.191176 0.0237 -0.9322 -0.3611 
-2.36592 0.484216 -0.591018 0.006705 0.191176 -0.9103 -0.1246 0.3948 
-2.36592 0.521714 -0.675942 0.006705 0.176471 -0.9453 -0.1215 0.3029 
-2.55713 0.484216 -0.591018 0.243295 0.191176 0.9103 -0.1246 0.3948 
-2.56255 0.479157 -0.592978 0.253203 0.191176 -0.0237 -0.9322 -0.3612 
-2.56255 0.516858 -0.678361 0.253203 0.176471 -0.0237 -0.8949 -0.4457 
-2.56255 0.516858 -0.678361 0.253203 0.176471 -0.0237 -0.8949 -0.4457 
-2.55713 0.521714 -0.675943 0.243295 0.176471 0.9453 -0.1215 0.3029 
-2.55713 0.484216 -0.591018 0.243295 0.191176 0.9103 -0.1246 0.3948 
-2.56255 0.094467 -0.742009 0.496797 0.191176 0.0251 0.9322 0.3612 
-2.55713 0.089408 -0.743968 0.506705 0.191176 0.9185 0.1647 -0.3594 
-2.55713 0.142703 -0.864669 0.506705 0.176471 0.9503 0.1593 -0.2674 
-2.55713 0.142703 -0.864669 0.506705 0.176471 0.9503 0.1593 -0.2674 
-2.56255 0.147559 -0.86225 0.496797 0.176471 0.0252 0.8949 0.4456 
-2.56255 0.094467 -0.742009 0.496797 0.191176 0.0251 0.9322 0.3612 
-2.36592 0.089408 -0.743968 0.743295 0.191176 -0.9185 0.1646 -0.3594 
-2.3605 0.094467 -0.742008 0.753203 0.191176 -0.0252 0.9322 0.3611 
-2.3605 0.147559 -0.86225 0.753203 0.176471 -0.0251 0.8949 0.4456 
-2.3605 0.147559 -0.86225 0.753203 0.176471 -0.0251 0.8949 0.4456 
-2.36592 0.142703 -0.864668 0.743295 0.176471 -0.9503 0.1593 -0.2674 
-2.36592 0.089408 -0.743968 0.743295 0.191176 -0.9185 0.1646 -0.3594 
-2.36592 0.566888 -0.757045 0.006705 0.161765 -0.9718 -0.1013 0.213 
-2.3605 0.562275 -0.759901 0.996797 0.161765 0.0238 -0.85 -0.5263 
-2.3605 0.516858 -0.678361 0.996797 0.176471 0.0237 -0.8949 -0.4456 
-2.3605 0.516858 -0.678361 0.996797 0.176471 0.0237 -0.8949 -0.4456 
-2.36592 0.521714 -0.675942 0.006705 0.176471 -0.9453 -0.1215 0.3029 
-2.36592 0.566888 -0.757045 0.006705 0.161765 -0.9718 -0.1013 0.213 
-2.55713 0.521714 -0.675943 0.243295 0.176471 0.9453 -0.1215 0.3029 
-2.56255 0.516858 -0.678361 0.253203 0.176471 -0.0237 -0.8949 -0.4457 
-2.56255 0.562275 -0.759901 0.253203 0.161765 -0.0237 -0.85 -0.5263 
-2.56255 0.562275 -0.759901 0.253203 0.161765 -0.0237 -0.85 -0.5263 
-2.55713 0.566888 -0.757045 0.243295 0.161765 0.9718 -0.1012 0.2131 
-2.55713 0.521714 -0.675943 0.243295 0.176471 0.9453 -0.1215 0.3029 
-2.56255 0.147559 -0.86225 0.496797 0.176471 0.0252 0.8949 0.4456 
-2.55713 0.142703 -0.864669 0.506705 0.176471 0.9503 0.1593 -0.2674 
-2.55713 0.206907 -0.979937 0.506705 0.161765 0.9744 0.1374 -0.1778 
-2.55713 0.206907 -0.979937 0.506705 0.161765 0.9744 0.1374 -0.1778 
-2.56255 0.211519 -0.977081 0.496797 0.161765 0.0252 0.85 0.5262 
-2.56255 0.147559 -0.86225 0.496797 0.176471 0.0252 0.8949 0.4456 
-2.36592 0.142703 -0.864668 0.743295 0.176471 -0.9503 0.1593 -0.2674 
-2.3605 0.147559 -0.86225 0.753203 0.176471 -0.0251 0.8949 0.4456 
-2.3605 0.211519 -0.977081 0.753203 0.161765 -0.0252 0.8499 0.5263 
-2.3605 0.211519 -0.977081 0.753203 0.161765 -0.0252 0.8499 0.5263 
-2.36592 0.206907 -0.979936 0.743295 0.161765 -0.9744 0.1374 -0.1778 
-2.36592 0.142703 -0.864668 0.743295 0.176471 -0.9503 0.1593 -0.2674 
-2.36592 0.619352 -0.833633 0.006705 0.147059 -0.9896 -0.0645 0.1286 
-2.3605 0.615023 -0.836902 0.996797 0.147059 0.0237 -0.7978 -0.6025 
-2.3605 0.562275 -0.759901 0.996797 0.161765 0.0238 -0.85 -0.5263 
-2.3605 0.562275 -0.759901 0.996797 0.161765 0.0238 -0.85 -0.5263 
-2.36592 0.566888 -0.757045 0.006705 0.161765 -0.9718 -0.1013 0.213 
-2.36592 0.619352 -0.833633 0.006705 0.147059 -0.9896 -0.0645 0.1286 
-2.55713 0.566888 -0.757045 0.243295 0.161765 0.9718 -0.1012 0.2131 
-2.56255 0.562275 -0.759901 0.253203 0.161765 -0.0237 -0.85 -0.5263 
-2.56255 0.615023 -0.836902 0.253203 0.147059 -0.0237 -0.7978 -0.6025 
-2.56255 0.615023 -0.836902 0.253203 0.147059 -0.0237 -0.7978 -0.6025 
-2.55713 0.619352 -0.833633 0.243295 0.147059 0.9896 -0.0645 0.1286 
-2.55713 0.566888 -0.757045 0.243295 0.161765 0.9718 -0.1012 0.2131 
-2.56255 0.211519 -0.977081 0.496797 0.161765 0.0252 0.85 0.5262 
-2.55713 0.206907 -0.979937 0.506705 0.161765 0.9744 0.1374 -0.1778 
-2.55713 0.281472 -1.08879 0.506705 0.147059 0.9906 0.0997 -0.0936 
-2.55713 0.281472 -1.08879 0.506705 0.147059 0.9906 0.0997 -0.0936 
-2.56255 0.285802 -1.08552 0.496797 0.147059 0.0252 0.7977 0.6025 
-2.56255 0.211519 -0.977081 0.496797 0.161765 0.0252 0.85 0.5262 
-2.36592 0.206907 -0.979936 0.743295 0.161765 -0.9744 0.1374 -0.1778 
-2.3605 0.211519 -0.977081 0.753203 0.161765 -0.0252 0.8499 0.5263 
-2.3605 0.285802 -1.08552 0.753203 0.147059 -0.0252 0.7977 0.6025 
-2.3605 0.285802 -1.08552 0.753203 0.147059 -0.0252 0.7977 0.6025 
-2.36592 0.281472 -1.08879 0.743295 0.147059 -0.9906 0.0996 -0.0936 
-2.36592 0.206907 -0.979936 0.743295 0.161765 -0.9744 0.1374 -0.1778 
-2.36592 0.678659 -0.905053 0.006705 0.132353 -0.9985 -0.0127 0.0525 
-2.3605 0.67465 -0.908708 0.996797 0.132353 0.0237 -0.7388 -0.6735 
-2.3605 0.615023 -0.836902 0.996797 0.147059 0.0237 -0.7978 -0.6025 
-2.3605 0.615023 -0.836902 0.996797 0.147059 0.0237 -0.7978 -0.6025 
-2.36592 0.619352 -0.833633 0.006705 0.147059 -0.9896 -0.0645 0.1286 
-2.36592 0.678659 -0.905053 0.006705 0.132353 -0.9985 -0.0127 0.0525 
-2.55713 0.619352 -0.833633 0.243295 0.147059 0.9896 -0.0645 0.1286 
-2.56255 0.615023 -0.836902 0.253203 0.147059 -0.0237 -0.7978 -0.6025 
-2.56255 0.67465 -0.908708 0.253203 0.132353 -0.0237 -0.7388 -0.6735 
-2.56255 0.67465 -0.908708 0.253203 0.132353 -0.0237 -0.7388 -0.6735 
-2.55713 0.678659 -0.905054 0.243295 0.132353 0.9985 -0.0127 0.0525 
-2.55713 0.619352 -0.833633 0.243295 0.147059 0.9896 -0.0645 0.1286 
-2.56255 0.285802 -1.08552 0.496797 0.147059 0.0252 0.7977 0.6025 
-2.55713 0.281472 -1.08879 0.506705 0.147059 0.9906 0.0997 -0.0936 
-2.55713 0.365764 -1.1903 0.506705 0.132353 0.9987 0.0474 -0.0178 
-2.55713 0.365764 -1.1903 0.506705 0.132353 0.9987 0.0474 -0.0178 
-2.56255 0.369773 -1.18664 0.496797 0.132353 0.0251 0.7388 0.6735 
-2.56255 0.285802 -1.08552 0.496797 0.147059 0.0252 0.7977 0.6025 
-2.36592 0.281472 -1.08879 0.743295 0.147059 -0.9906 0.0996 -0.0936 
-2.3605 0.285802 -1.08552 0.753203 0.147059 -0.0252 0.7977 0.6025 
-2.3605 0.369773 -1.18664 0.753203 0.132353 -0.0252 0.7388 0.6735 
-2.3605 0.369773 -1.18664 0.753203 0.132353 -0.0252 0.7388 0.6735 
-2.36592 0.365764 -1.1903 0.743295 0.132353 -0.9987 0.0474 -0.0178 
-2.36592 0.281472 -1.08879 0.743295 0.147059 -0.9906 0.0996 -0.0936 
-2.36592 0.744303 -0.970697 0.006705 0.117647 -0.9985 0.0525 -0.0127 
-2.3605 0.740649 -0.974706 0.996797 0.117647 0.0237 -0.6735 -0.7388 
-2.3605 0.67465 -0.908708 0.996797 0.132353 0.0237 -0.7388 -0.6735 
-2.3605 0.67465 -0.908708 0.996797 0.132353 0.0237 -0.7388 -0.6735 
-2.36592 0.678659 -0.905053 0.006705 0.132353 -0.9985 -0.0127 0.0525 
-2.36592 0.744303 -0.970697 0.006705 0.117647 -0.9985 0.0525 -0.0127 
-2.55713 0.678659 -0.905054 0.243295 0.132353 0.9985 -0.0127 0.0525 
-2.56255 0.67465 -0.908708 0.253203 0.132353 -0.0237 -0.7388 -0.6735 
-2.56255 0.740649 -0.974707 0.253203 0.117647 -0.0237 -0.6735 -0.7388 
-2.56255 0.740649 -0.974707 0.253203 0.117647 -0.0237 -0.6735 -0.7388 
-2.55713 0.744303 -0.970697 0.243295 0.117647 0.9985 0.0525 -0.0127 
-2.55713 0.678659 -0.905054 0.243295 0.132353 0.9985 -0.0127 0.0525 
-2.56255 0.369773 -1.18664 0.496797 0.132353 0.0251 0.7388 0.6735 
-2.55713 0.365764 -1.1903 0.506705 0.132353 0.9987 0.0474 -0.0178 
-2.55713 0.459062 -1.28359 0.506705 0.117647 0.9987 -0.0178 0.0474 
-2.55713 0.459062 -1.28359 0.506705 0.117647 0.9987 -0.0178 0.0474 
-2.56255 0.462716 -1.27959 0.496797 0.117647 0.0252 0.6735 0.7388 
-2.56255 0.369773 -1.18664 0.496797 0.132353 0.0251 0.7388 0.6735 
-2.36592 0.365764 -1.1903 0.743295 0.132353 -0.9987 0.0474 -0.0178 
-2.3605 0.369773 -1.18664 0.753203 0.132353 -0.0252 0.7388 0.6735 
-2.3605 0.462716 -1.27959 0.753203 0.117647 -0.0252 0.6735 0.7388 
-2.3605 0.462716 -1.27959 0.753203 0.117647 -0.0252 0.6735 0.7388 
-2.36592 0.459062 -1.28359 0.743295 0.117647 -0.9987 -0.0178 0.0474 
-2.36592 0.365764 -1.1903 0.743295 0.132353 -0.9987 0.0474 -0.0178 
-2.36592 0.815724 -1.03 0.006705 0.102941 -0.9896 0.1286 -0.0645 
-2.3605 0.812455 -1.03433 0.996797 0.102941 0.0237 -0.6025 -0.7978 
-2.3605 0.740649 -0.974706 0.996797 0.117647 0.0237 -0.6735 -0.7388 
-2.3605 0.740649 -0.974706 0.996797 0.117647 0.0237 -0.6735 -0.7388 
-2.36592 0.744303 -0.970697 0.006705 0.117647 -0.9985 0.0525 -0.0127 
-2.36592 0.815724 -1.03 0.006705 0.102941 -0.9896 0.1286 -0.0645 
-2.55713 0.744303 -0.970697 0.243295 0.117647 0.9985 0.0525 -0.0127 
-2.56255 0.740649 -0.974707 0.253203 0.117647 -0.0237 -0.6735 -0.7388 
-2.56255 0.812455 -1.03433 0.253203 0.102941 -0.0237 -0.6024 -0.7978 
-2.56255 0.812455 -1.03433 0.253203 0.102941 -0.0237 -0.6024 -0.7978 
-2.55713 0.815724 -1.03 0.243295 0.102941 0.9896 0.1286 -0.0645 
-2.55713 0.744303 -0.970697 0.243295 0.117647 0.9985 0.0525 -0.0127 
-2.56255 0.462716 -1.27959 0.496797 0.117647 0.0252 0.6735 0.7388 
-2.55713 0.459062 -1.28359 0.506705 0.117647 0.9987 -0.0178 0.0474 
-2.55713 0.56057 -1.36788 0.506705 0.102941 0.9906 -0.0937 0.0997 
-2.55713 0.56057 -1.36788 0.506705 0.102941 0.9906 -0.0937 0.0997 
-2.56255 0.563839 -1.36356 0.496797 0.102941 0.0252 0.6025 0.7977 
-2.56255 0.462716 -1.27959 0.496797 0.117647 0.0252 0.6735 0.7388 
-2.36592 0.459062 -1.28359 0.743295 0.117647 -0.9987 -0.0178 0.0474 
-2.3605 0.462716 -1.27959 0.753203 0.117647 -0.0252 0.6735 0.7388 
-2.3605 0.563839 -1.36356 0.753203 0.102941 -0.0252 0.6024 0.7978 
-2.3605 0.563839 -1.36356 0.753203 0.102941 -0.0252 0.6024 0.7978 
-2.36592 0.56057 -1.36788 0.743295 0.102941 -0.9906 -0.0937 0.0997 
-2.36592 0.459062 -1.28359 0.743295 0.117647 -0.9987 -0.0178 0.0474 
-2.36592 0.892312 -1.08247 0.006705 0.088235 -0.9718 0.2131 -0.1012 
-2.3605 0.889457 -1.08708 0.996797 0.088235 0.0237 -0.5263 -0.85 
-2.3605 0.812455 -1.03433 0.996797 0.102941 0.0237 -0.6025 -0.7978 
-2.3605 0.812455 -1.03433 0.996797 0.102941 0.0237 -0.6025 -0.7978 
-2.36592 0.815724 -1.03 0.006705 0.102941 -0.9896 0.1286 -0.0645 
-2.36592 0.892312 -1.08247 0.006705 0.088235 -0.9718 0.2131 -0.1012 
-2.55713 0.815724 -1.03 0.243295 0.102941 0.9896 0.1286 -0.0645 
-2.56255 0.812455 -1.03433 0.253203 0.102941 -0.0237 -0.6024 -0.7978 
-2.56255 0.889457 -1.08708 0.253203 0.088235 -0.0237 -0.5263 -0.85 
-2.56255 0.889457 -1.08708 0.253203 0.088235 -0.0237 -0.5263 -0.85 
-2.55713 0.892312 -1.08247 0.243295 0.088235 0.9718 0.2131 -0.1012 
-2.55713 0.815724 -1.03 0.243295 0.102941 0.9896 0.1286 -0.0645 
-2.56255 0.563839 -1.36356 0.496797 0.102941 0.0252 0.6025 0.7977 
-2.55713 0.56057 -1.36788 0.506705 0.102941 0.9906 -0.0937 0.0997 
-2.55713 0.669422 -1.44245 0.506705 0.088235 0.9744 -0.1778 0.1374 
-2.55713 0.669422 -1.44245 0.506705 0.088235 0.9744 -0.1778 0.1374 
-2.56255 0.672278 -1.43784 0.496797 0.088235 0.0252 0.5263 0.8499 
-2.56255 0.563839 -1.36356 0.496797 0.102941 0.0252 0.6025 0.7977 
-2.36592 0.56057 -1.36788 0.743295 0.102941 -0.9906 -0.0937 0.0997 
-2.3605 0.563839 -1.36356 0.753203 0.102941 -0.0252 0.6024 0.7978 
-2.3605 0.672278 -1.43784 0.753203 0.088235 -0.0252 0.5263 0.8499 
-2.3605 0.672278 -1.43784 0.753203 0.088235 -0.0252 0.5263 0.8499 
-2.36592 0.669422 -1.44245 0.743295 0.088235 -0.9744 -0.1778 0.1374 
-2.36592 0.56057 -1.36788 0.743295 0.102941 -0.9906 -0.0937 0.0997 
-2.36592 0.973415 -1.12764 0.006705 0.073529 -0.9453 0.3029 -0.1215 
-2.3605 0.970996 -1.1325 0.996797 0.073529 0.0237 -0.4456 -0.8949 
-2.3605 0.889457 -1.08708 0.996797 0.088235 0.0237 -0.5263 -0.85 
-2.3605 0.889457 -1.08708 0.996797 0.088235 0.0237 -0.5263 -0.85 
-2.36592 0.892312 -1.08247 0.006705 0.088235 -0.9718 0.2131 -0.1012 
-2.36592 0.973415 -1.12764 0.006705 0.073529 -0.9453 0.3029 -0.1215 
-2.55713 0.892312 -1.08247 0.243295 0.088235 0.9718 0.2131 -0.1012 
-2.56255 0.889457 -1.08708 0.253203 0.088235 -0.0237 -0.5263 -0.85 
-2.56255 0.970996 -1.1325 0.253203 0.073529 -0.0237 -0.4456 -0.8949 
-2.56255 0.970996 -1.1325 0.253203 0.073529 -0.0237 -0.4456 -0.8949 
-2.55713 0.973415 -1.12764 0.243295 0.073529 0.9453 0.3029 -0.1215 
-2.55713 0.892312 -1.08247 0.243295 0.088235 0.9718 0.2131 -0.1012 
-2.56255 0.672278 -1.43784 0.496797 0.088235 0.0252 0.5263 0.8499 
-2.55713 0.669422 -1.44245 0.506705 0.088235 0.9744 -0.1778 0.1374 
-2.55713 0.78469 -1.50665 0.506705 0.073529 0.9503 -0.2673 0.1593 
-2.55713 0.78469 -1.50665 0.506705 0.073529 0.9503 -0.2673 0.1593 
-2.56255 0.787108 -1.5018 0.496797 0.073529 0.0251 0.4456 0.8949 
-2.56255 0.672278 -1.43784 0.496797 0.088235 0.0252 0.5263 0.8499 
-2.36592 0.669422 -1.44245 0.743295 0.088235 -0.9744 -0.1778 0.1374 
-2.3605 0.672278 -1.43784 0.753203 0.088235 -0.0252 0.5263 0.8499 
-2.3605 0.787108 -1.5018 0.753203 0.073529 -0.0252 0.4455 0.8949 
-2.3605 0.787108 -1.5018 0.753203 0.073529 -0.0252 0.4455 0.8949 
-2.36592 0.78469 -1.50665 0.743295 0.073529 -0.9503 -0.2674 0.1593 
-2.36592 0.669422 -1.44245 0.743295 0.088235 -0.9744 -0.1778 0.1374 
-2.36592 1.05834 -1.16514 0.006705 0.058824 -0.9103 0.3948 -0.1246 
-2.3605 1.05638 -1.1702 0.996797 0.058824 0.0237 -0.3611 -0.9322 
-2.3605 0.970996 -1.1325 0.996797 0.073529 0.0237 -0.4456 -0.8949 
-2.3605 0.970996 -1.1325 0.996797 0.073529 0.0237 -0.4456 -0.8949 
-2.36592 0.973415 -1.12764 0.006705 0.073529 -0.9453 0.3029 -0.1215 
-2.36592 1.05834 -1.16514 0.006705 0.058824 -0.9103 0.3948 -0.1246 
-2.55713 0.973415 -1.12764 0.243295 0.073529 0.9453 0.3029 -0.1215 
-2.56255 0.970996 -1.1325 0.253203 0.073529 -0.0237 -0.4456 -0.8949 
-2.56255 1.05638 -1.1702 0.253203 0.058824 -0.0237 -0.3612 -0.9322 
-2.56255 1.05638 -1.1702 0.253203 0.058824 -0.0237 -0.3612 -0.9322 
-2.55713 1.05834 -1.16514 0.243295 0.058824 0.9103 0.3948 -0.1246 
-2.55713 0.973415 -1.12764 0.243295 0.073529 0.9453 0.3029 -0.1215 
-2.56255 0.787108 -1.5018 0.496797 0.073529 0.0251 0.4456 0.8949 
-2.55713 0.78469 -1.50665 0.506705 0.073529 0.9503 -0.2673 0.1593 
-2.55713 0.90539 -1.55995 0.506705 0.058824 0.9185 -0.3594 0.1647 
-2.55713 0.90539 -1.55995 0.506705 0.058824 0.9185 -0.3594 0.1647 
-2.56255 0.90735 -1.55489 0.496797 0.058824 0.0251 0.3612 0.9322 
-2.56255 0.787108 -1.5018 0.496797 0.073529 0.0251 0.4456 0.8949 
-2.36592 0.78469 -1.50665 0.743295 0.073529 -0.9503 -0.2674 0.1593 
-2.3605 0.787108 -1.5018 0.753203 0.073529 -0.0252 0.4455 0.8949 
-2.3605 0.90735 -1.55489 0.753203 0.058824 -0.0251 0.3611 0.9322 
-2.3605 0.90735 -1.55489 0.753203 0.058824 -0.0251 0.3611 0.9322 
-2.36592 0.90539 -1.55995 0.743295 0.058824 -0.9185 -0.3594 0.1647 
-2.36592 0.78469 -1.50665 0.743295 0.073529 -0.9503 -0.2674 0.1593 
-2.36592 1.14636 -1.19464 0.006705 0.044118 -0.9031 0.4195 -0.0918 
-2.3605 1.14488 -1.19986 0.996797 0.044118 0.0237 -0.2736 -0.9615 
-2.3605 1.05638 -1.1702 0.996797 0.058824 0.0237 -0.3611 -0.9322 
-2.3605 1.05638 -1.1702 0.996797 0.058824 0.0237 -0.3611 -0.9322 
-2.36592 1.05834 -1.16514 0.006705 0.058824 -0.9103 0.3948 -0.1246 
-2.36592 1.14636 -1.19464 0.006705 0.044118 -0.9031 0.4195 -0.0918 
-2.55713 1.05834 -1.16514 0.243295 0.058824 0.9103 0.3948 -0.1246 
-2.56255 1.05638 -1.1702 0.253203 0.058824 -0.0237 -0.3612 -0.9322 
-2.56255 1.14488 -1.19986 0.253203 0.044118 -0.0237 -0.2736 -0.9615 
-2.56255 1.14488 -1.19986 0.253203 0.044118 -0.0237 -0.2736 -0.9615 
-2.55713 1.14636 -1.19464 0.243295 0.044118 0.9031 0.4194 -0.0918 
-2.55713 1.05834 -1.16514 0.243295 0.058824 0.9103 0.3948 -0.1246 
-2.56255 0.90735 -1.55489 0.496797 0.058824 0.0251 0.3612 0.9322 
-2.55713 0.90539 -1.55995 0.506705 0.058824 0.9185 -0.3594 0.1647 
-2.55713 1.03049 -1.60188 0.506705 0.044118 0.912 -0.3873 0.1349 
-2.55713 1.03049 -1.60188 0.506705 0.044118 0.912 -0.3873 0.1349 
-2.56255 1.03198 -1.59666 0.496797 0.044118 0.0251 0.2736 0.9615 
-2.56255 0.90735 -1.55489 0.496797 0.058824 0.0251 0.3612 0.9322 
-2.36592 0.90539 -1.55995 0.743295 0.058824 -0.9185 -0.3594 0.1647 
-2.3605 0.90735 -1.55489 0.753203 0.058824 -0.0251 0.3611 0.9322 
-2.3605 1.03198 -1.59666 0.753203 0.044118 -0.0252 0.2736 0.9615 
-2.3605 1.03198 -1.59666 0.753203 0.044118 -0.0252 0.2736 0.9615 
-2.36592 1.03049 -1.60188 0.743295 0.044118 -0.912 -0.3873 0.1349 
-2.36592 0.90539 -1.55995 0.743295 0.058824 -0.9185 -0.3594 0.1647 
-2.36592 1.23673 -1.2159 0.006705 0.029412 -0.9402 0.3387 -0.0366 
-2.3605 1.23573 -1.22123 0.996797 0.029412 0.0237 -0.1837 -0.9827 
-2.3605 1.14488 -1.19986 0.996797 0.044118 0.0237 -0.2736 -0.9615 
-2.3605 1.14488 -1.19986 0.996797 0.044118 0.0237 -0.2736 -0.9615 
-2.36592 1.14636 -1.19464 0.006705 0.044118 -0.9031 0.4195 -0.0918 
-2.36592 1.23673 -1.2159 0.006705 0.029412 -0.9402 0.3387 -0.0366 
-2.55713 1.14636 -1.19464 0.243295 0.044118 0.9031 0.4194 -0.0918 
-2.56255 1.14488 -1.19986 0.253203 0.044118 -0.0237 -0.2736 -0.9615 
-2.56255 1.23573 -1.22123 0.253203 0.029412 -0.0237 -0.1837 -0.9827 
-2.56255 1.23573 -1.22123 0.253203 0.029412 -0.0237 -0.1837 -0.9827 
-2.55713 1.23673 -1.2159 0.243295 0.029412 0.9402 0.3387 -0.0366 
-2.55713 1.14636 -1.19464 0.243295 0.044118 0.9031 0.4194 -0.0918 
-2.56255 1.03198 -1.59666 0.496797 0.044118 0.0251 0.2736 0.9615 
-2.55713 1.03049 -1.60188 0.506705 0.044118 0.912 -0.3873 0.1349 
-2.55713 1.15893 -1.63209 0.506705 0.029412 0.9457 -0.3142 0.0827 
-2.55713 1.15893 -1.63209 0.506705 0.029412 0.9457 -0.3142 0.0827 
-2.56255 1.15993 -1.62675 0.496797 0.029412 0.0251 0.1837 0.9827 
-2.56255 1.03198 -1.59666 0.496797 0.044118 0.0251 0.2736 0.9615 
-2.36592 1.03049 -1.60188 0.743295 0.044118 -0.912 -0.3873 0.1349 
-2.3605 1.03198 -1.59666 0.753203 0.044118 -0.0252 0.2736 0.9615 
-2.3605 1.15993 -1.62675 0.753203 0.029412 -0.0252 0.1837 0.9827 
-2.3605 1.15993 -1.62675 0.753203 0.029412 -0.0252 0.1837 0.9827 
-2.36592 1.15893 -1.63209 0.743295 0.029412 -0.9457 -0.3143 0.0826 
-2.36592 1.03049 -1.60188 0.743295 0.044118 -0.912 -0.3873 0.1349 
-2.36592 1.32867 -1.22872 0.006705 0.014706 -0.9809 0.1945 0.0082 
-2.3605 1.32817 -1.23412 0.996797 0.014706 0.0237 -0.0923 -0.9955 
-2.3605 1.23573 -1.22123 0.996797 0.029412 0.0237 -0.1837 -0.9827 
-2.3605 1.23573 -1.22123 0.996797 0.029412 0.0237 -0.1837 -0.9827 
-2.36592 1.23673 -1.2159 0.006705 0.029412 -0.9402 0.3387 -0.0366 
-2.36592 1.32867 -1.22872 0.006705 0.014706 -0.9809 0.1945 0.0082 
-2.55713 1.23673 -1.2159 0.243295 0.029412 0.9402 0.3387 -0.0366 
-2.56255 1.23573 -1.22123 0.253203 0.029412 -0.0237 -0.1837 -0.9827 
-2.56255 1.32817 -1.23412 0.253203 0.014706 -0.0237 -0.0922 -0.9955 
-2.56255 1.32817 -1.23412 0.253203 0.014706 -0.0237 -0.0922 -0.9955 
-2.55713 1.32867 -1.22872 0.243295 0.014706 0.9809 0.1945 0.0081 
-2.55713 1.23673 -1.2159 0.243295 0.029412 0.9402 0.3387 -0.0366 
-2.56255 1.15993 -1.62675 0.496797 0.029412 0.0251 0.1837 0.9827 
-2.55713 1.15893 -1.63209 0.506705 0.029412 0.9457 -0.3142 0.0827 
-2.55713 1.28961 -1.65031 0.506705 0.014706 0.9827 -0.1809 0.0401 
-2.55713 1.28961 -1.65031 0.506705 0.014706 0.9827 -0.1809 0.0401 
-2.56255 1.29011 -1.64491 0.496797 0.014706 0.0251 0.0923 0.9954 
-2.56255 1.15993 -1.62675 0.496797 0.029412 0.0251 0.1837 0.9827 
-2.36592 1.15893 -1.63209 0.743295 0.029412 -0.9457 -0.3143 0.0826 
-2.3605 1.15993 -1.62675 0.753203 0.029412 -0.0252 0.1837 0.9827 
-2.3605 1.29011 -1.64491 0.753203 0.014706 -0.0252 0.0923 0.9954 
-2.3605 1.29011 -1.64491 0.753203 0.014706 -0.0252 0.0923 0.9954 
-2.36592 1.28961 -1.65031 0.743295 0.014706 -0.9827 -0.1809 0.04 
-2.36592 1.15893 -1.63209 0.743295 0.029412 -0.9457 -0.3143 0.0826 
-2.36592 1.42141 -1.23301 0.006705 0 -0.9997 0.0262 -0.0012 
-2.3605 1.42141 -1.23843 0.996797 0 -0 -0.0462 -0.9989 
-2.3605 1.32817 -1.23412 0.996797 0.014706 0.0237 -0.0923 -0.9955 
-2.3605 1.32817 -1.23412 0.996797 0.014706 0.0237 -0.0923 -0.9955 
-2.36592 1.32867 -1.22872 0.006705 0.014706 -0.9809 0.1945 0.0082 
-2.36592 1.42141 -1.23301 0.006705 0 -0.9997 0.0262 -0.0012 
-2.55713 1.32867 -1.22872 0.243295 0.014706 0.9809 0.1945 0.0081 
-2.56255 1.32817 -1.23412 0.253203 0.014706 -0.0237 -0.0922 -0.9955 
-2.56255 1.42141 -1.23843 0.253203 0 -0 -0.0462 -0.9989 
-2.56255 1.42141 -1.23843 0.253203 0 -0 -0.0462 -0.9989 
-2.55713 1.42141 -1.23301 0.243295 0 0.9997 0.0262 -0.0012 
-2.55713 1.32867 -1.22872 0.243295 0.014706 0.9809 0.1945 0.0081 
-2.56255 1.29011 -1.64491 0.496797 0.014706 0.0251 0.0923 0.9954 
-2.55713 1.28961 -1.65031 0.506705 0.014706 0.9827 -0.1809 0.0401 
-2.55713 1.42141 -1.65641 0.506705 0 0.9997 -0.0262 0.0012 
-2.55713 1.42141 -1.65641 0.506705 0 0.9997 -0.0262 0.0012 
-2.56255 1.42141 -1.65098 0.496797 0 -0 0.0462 0.9989 
-2.56255 1.29011 -1.64491 0.496797 0.014706 0.0251 0.0923 0.9954 
-2.36592 1.28961 -1.65031 0.743295 0.014706 -0.9827 -0.1809 0.04 
-2.3605 1.29011 -1.64491 0.753203 0.014706 -0.0252 0.0923 0.9954 
-2.3605 1.42141 -1.65098 0.753203 0 -0 0.0462 0.9989 
-2.3605 1.42141 -1.65098 0.753203 0 -0 0.0462 0.9989 
-2.36592 1.42141 -1.65641 0.743295 0 -0.9997 -0.0262 0.0012 
-2.36592 1.28961 -1.65031 0.743295 0.014706 -0.9827 -0.1809 0.04 
-2.36529 1.42141 -1.06638 0.859428 0 -0.6053 0.796 0.0023 
-2.35987 1.42683 -1.06787 1.09714 0 -0.8517 0.5241 -0.0015 
-2.3605 1.42683 -1.23486 0.998539 0 -0.8713 0.44 -0.2174 
-2.3605 1.42683 -1.23486 0.998539 0 -0.8713 0.44 -0.2174 
-2.36592 1.42141 -1.23301 0.006705 0 -0.194 0.4103 0.8911 
-2.36529 1.42141 -1.06638 0.859428 0 -0.6053 0.796 0.0023 
-2.55713 1.42141 -1.23301 0.243295 0 0.1297 0.2997 0.9452 
-2.56256 1.42683 -1.23486 0.251096 0 0.8802 0.4239 -0.2132 
-2.56321 1.42683 -1.06787 0.251096 0 0.8471 0.5315 0.0033 
-2.56321 1.42683 -1.06787 0.251096 0 0.8471 0.5315 0.0033 
-2.55779 1.42141 -1.06638 0.266687 0 0.5872 0.8094 0.0023 
-2.55713 1.42141 -1.23301 0.243295 0 0.1297 0.2997 0.9452 
-2.55779 1.42141 -1.82304 0.506705 0 0.6053 0.796 -0.0024 
-2.56321 1.42683 -1.82155 0.498904 0 0.8517 0.5239 0.0015 
-2.56256 1.42683 -1.65455 0.498904 0 0.871 0.4387 0.2209 
-2.56256 1.42683 -1.65455 0.498904 0 0.871 0.4387 0.2209 
-2.55713 1.42141 -1.65641 0.506705 0 0.2976 0.4565 -0.8385 
-2.55779 1.42141 -1.82304 0.506705 0 0.6053 0.796 -0.0024 
-2.36592 1.42141 -1.65641 0.743295 0 -0.2444 0.3595 -0.9006 
-2.3605 1.42683 -1.65455 0.750731 0 -0.8803 0.4239 0.2132 
-2.35987 1.42683 -1.82155 0.750731 0 -0.8471 0.5315 -0.0032 
-2.35987 1.42683 -1.82155 0.750731 0 -0.8471 0.5315 -0.0032 
-2.36529 1.42141 -1.82304 0.743295 0 -0.5872 0.8094 -0.0022 
-2.36592 1.42141 -1.65641 0.743295 0 -0.2444 0.3595 -0.9006 
-2.35982 1.43946 -1.06102 1.10034 0 -0.8488 -0.2886 -0.443 
-2.36522 1.44116 -1.05566 1.08076 0 -0.6 -0.4091 -0.6874 
-2.36556 2.03488 -1.44175 0.500335 0 -0.6763 -0.7356 -0.0394 
-2.36556 2.03488 -1.44175 0.500335 0 -0.6763 -0.7356 -0.0394 
-2.36016 2.01842 -1.43751 0.838998 0 -0.7649 -0.434 -0.4761 
-2.35982 1.43946 -1.06102 1.10034 0 -0.8488 -0.2886 -0.443 
-2.55787 1.44116 -1.05566 0.276616 0 0.6032 -0.3451 -0.7191 
-2.56327 1.43946 -1.06102 0.25365 0 0.8497 -0.2873 -0.4422 
-2.56291 2.01842 -1.43751 0.370752 0 0.7602 -0.4367 -0.481 
-2.56291 2.01842 -1.43751 0.370752 0 0.7602 -0.4367 -0.481 
-2.55751 2.03488 -1.44175 0.382013 0 0.6702 -0.74 -0.0561 
-2.55787 1.44116 -1.05566 0.276616 0 0.6032 -0.3451 -0.7191 
-2.56327 1.43946 -1.8284 0.49635 0 0.8489 -0.2885 0.4429 
-2.55787 1.44116 -1.83376 0.50284 0 0.6001 -0.4091 0.6874 
-2.55751 2.03488 -1.44766 0.388168 0 0.6671 -0.7422 0.0644 
-2.55751 2.03488 -1.44766 0.388168 0 0.6671 -0.7422 0.0644 
-2.56291 2.01842 -1.4519 0.379248 0 0.7612 -0.4359 0.4802 
-2.56327 1.43946 -1.8284 0.49635 0 0.8489 -0.2885 0.4429 
-2.36522 1.44116 -1.83376 0.745828 0 -0.6032 -0.3451 0.7191 
-2.35982 1.43946 -1.8284 0.752434 0 -0.8497 -0.2872 0.4421 
-2.36016 2.01842 -1.4519 0.830501 0 -0.7591 -0.4375 0.4819 
-2.36016 2.01842 -1.4519 0.830501 0 -0.7591 -0.4375 0.4819 
-2.36556 2.03488 -1.44766 0.822016 0 -0.6632 -0.7447 0.0747 
-2.36522 1.44116 -1.83376 0.745828 0 -0.6032 -0.3451 0.7191 
-2.55751 2.03488 -1.44175 0.382013 0 0.6702 -0.74 -0.0561 
-2.55751 2.03488 -1.44766 0.388168 0 0.6671 -0.7422 0.0644 
-2.36556 2.03488 -1.44766 0.822016 0 -0.6632 -0.7447 0.0747 
-2.36556 2.03488 -1.44766 0.822016 0 -0.6632 -0.7447 0.0747 
-2.36556 2.03488 -1.44175 0.500335 0 -0.6763 -0.7356 -0.0394 
-2.55751 2.03488 -1.44175 0.382013 0 0.6702 -0.74 -0.0561 
-2.36523 1.43226 -1.05531 1.02448 0 -0.9438 -0.2973 -0.1445 
-2.35983 1.43353 -1.06078 1.05577 0 -0.1503 0.2206 -0.9637 
-2.35985 1.42986 -1.06277 1.09995 0 -0.1511 0.685 -0.7127 
-2.35985 1.42986 -1.06277 1.09995 0 -0.1511 0.685 -0.7127 
-2.36526 1.42596 -1.05872 0.944125 0 -0.9971 0.0422 -0.0631 
-2.36523 1.43226 -1.05531 1.02448 0 -0.9438 -0.2973 -0.1445 
-2.55783 1.42596 -1.05872 0.269896 0 0.9975 0.0389 -0.0595 
-2.56324 1.42986 -1.06278 0.251709 0 0.1524 0.6807 -0.7165 
-2.56325 1.43353 -1.06078 0.252452 0 0.1515 0.2241 -0.9627 
-2.56325 1.43353 -1.06078 0.252452 0 0.1515 0.2241 -0.9627 
-2.55785 1.43226 -1.05531 0.273328 0 0.9441 -0.2944 -0.1487 
-2.55783 1.42596 -1.05872 0.269896 0 0.9975 0.0389 -0.0595 
-2.55785 1.43226 -1.83411 0.504562 0 0.9438 -0.2972 0.1444 
-2.56325 1.43353 -1.82863 0.497548 0 0.1501 0.2203 0.9638 
-2.56324 1.42986 -1.82664 0.498291 0 0.1511 0.685 0.7127 
-2.56324 1.42986 -1.82664 0.498291 0 0.1511 0.685 0.7127 
-2.55783 1.42596 -1.83069 0.50578 0 0.9971 0.0423 0.0629 
-2.55785 1.43226 -1.83411 0.504562 0 0.9438 -0.2972 0.1444 
-2.36526 1.42596 -1.83069 0.743913 0 -0.9975 0.0389 0.0597 
-2.35985 1.42986 -1.82664 0.75114 0 -0.1524 0.6809 0.7163 
-2.35983 1.43353 -1.82863 0.751635 0 -0.1514 0.2241 0.9627 
-2.35983 1.43353 -1.82863 0.751635 0 -0.1514 0.2241 0.9627 
-2.36523 1.43226 -1.83411 0.744707 0 -0.944 -0.2945 0.1488 
-2.36526 1.42596 -1.83069 0.743913 0 -0.9975 0.0389 0.0597 
-2.36526 1.42596 -1.05872 0.944125 0 -0.9971 0.0422 -0.0631 
-2.35985 1.42986 -1.06277 1.09995 0 -0.1511 0.685 -0.7127 
-2.35987 1.42683 -1.06787 1.09714 0 0.0005 0.8559 -0.5172 
-2.35987 1.42683 -1.06787 1.09714 0 0.0005 0.8559 -0.5172 
-2.36529 1.42141 -1.06638 0.859428 0 -0.8614 -0.2582 -0.4374 
-2.36526 1.42596 -1.05872 0.944125 0 -0.9971 0.0422 -0.0631 
-2.55779 1.42141 -1.06638 0.266687 0 0.8615 -0.258 -0.4373 
-2.56321 1.42683 -1.06787 0.251096 0 -0 0.8593 -0.5114 
-2.56324 1.42986 -1.06278 0.251709 0 0.1524 0.6807 -0.7165 
-2.56324 1.42986 -1.06278 0.251709 0 0.1524 0.6807 -0.7165 
-2.55783 1.42596 -1.05872 0.269896 0 0.9975 0.0389 -0.0595 
-2.55779 1.42141 -1.06638 0.266687 0 0.8615 -0.258 -0.4373 
-2.55783 1.42596 -1.83069 0.50578 0 0.9971 0.0423 0.0629 
-2.56324 1.42986 -1.82664 0.498291 0 0.1511 0.685 0.7127 
-2.56321 1.42683 -1.82155 0.498904 0 -0.0005 0.8557 0.5174 
-2.56321 1.42683 -1.82155 0.498904 0 -0.0005 0.8557 0.5174 
-2.55779 1.42141 -1.82304 0.506705 0 0.8616 -0.2579 0.4372 
-2.55783 1.42596 -1.83069 0.50578 0 0.9971 0.0423 0.0629 
-2.36529 1.42141 -1.82304 0.743295 0 -0.8614 -0.2581 0.4374 
-2.35987 1.42683 -1.82155 0.750731 0 -0 0.8593 0.5115 
-2.35985 1.42986 -1.82664 0.75114 0 -0.1524 0.6809 0.7163 
-2.35985 1.42986 -1.82664 0.75114 0 -0.1524 0.6809 0.7163 
-2.36526 1.42596 -1.83069 0.743913 0 -0.9975 0.0389 0.0597 
-2.36529 1.42141 -1.82304 0.743295 0 -0.8614 -0.2581 0.4374 
-2.36522 1.44116 -1.05566 1.08076 0 -0.8362 0.5482 -0.0176 
-2.35982 1.43946 -1.06102 1.10034 0 -0 -0.0398 -0.9992 
-2.35983 1.43353 -1.06078 1.05577 0 -0.1503 0.2206 -0.9637 
-2.35983 1.43353 -1.06078 1.05577 0 -0.1503 0.2206 -0.9637 
-2.36523 1.43226 -1.05531 1.02448 0 -0.9438 -0.2973 -0.1445 
-2.36522 1.44116 -1.05566 1.08076 0 -0.8362 0.5482 -0.0176 
-2.55785 1.43226 -1.05531 0.273328 0 0.9441 -0.2944 -0.1487 
-2.56325 1.43353 -1.06078 0.252452 0 0.1515 0.2241 -0.9627 
-2.56327 1.43946 -1.06102 0.25365 0 -0.0064 -0.0426 -0.9991 
-2.56327 1.43946 -1.06102 0.25365 0 -0.0064 -0.0426 -0.9991 
-2.55787 1.44116 -1.05566 0.276616 0 0.7838 0.6207 -0.0204 
-2.55785 1.43226 -1.05531 0.273328 0 0.9441 -0.2944 -0.1487 
-2.55787 1.44116 -1.83376 0.50284 0 0.8361 0.5483 0.0175 
-2.56327 1.43946 -1.8284 0.49635 0 0 -0.0398 0.9992 
-2.56325 1.43353 -1.82863 0.497548 0 0.1501 0.2203 0.9638 
-2.56325 1.43353 -1.82863 0.497548 0 0.1501 0.2203 0.9638 
-2.55785 1.43226 -1.83411 0.504562 0 0.9438 -0.2972 0.1444 
-2.55787 1.44116 -1.83376 0.50284 0 0.8361 0.5483 0.0175 
-2.36523 1.43226 -1.83411 0.744707 0 -0.944 -0.2945 0.1488 
-2.35983 1.43353 -1.82863 0.751635 0 -0.1514 0.2241 0.9627 
-2.35982 1.43946 -1.8284 0.752434 0 0.0061 -0.0424 0.9991 
-2.35982 1.43946 -1.8284 0.752434 0 0.0061 -0.0424 0.9991 
-2.36522 1.44116 -1.83376 0.745828 0 -0.7838 0.6207 0.0206 
-2.36523 1.43226 -1.83411 0.744707 0 -0.944 -0.2945 0.1488 
